0	63
1	60
2	60
3	67
4	56
5	60
6	66
7	57
8	65
9	60
10	55
11	59
12	62
13	58
14	65
15	58
16	55
17	63
18	46
19	66
20	70
21	54
22	61
23	68
24	50
25	56
26	64
27	63
28	60
29	61
30	61
31	61
32	52
33	58
34	66
35	59
36	55
37	60
38	59
39	63
40	77
41	56
42	53
43	63
44	57
45	63
46	64
47	67
48	66
49	62
50	64
51	55
52	54
53	67
54	69
55	55
56	60
57	59
58	69
59	63
60	62
61	63
62	57
63	53
64	53
65	54
66	65
67	72
68	64
69	55
70	58
71	56
72	59
73	56
74	65
75	64
76	60
77	51
78	57
79	67
80	62
81	61
82	54
83	56
84	58
85	54
86	56
87	60
88	67
89	57
90	55
91	69
92	54
93	63
94	50
95	56
96	59
97	54
98	54
99	54
100	57
101	60
102	63
103	54
104	56
105	60
106	61
107	57
108	54
109	64
110	52
111	55
112	53
113	59
114	61
115	59
116	48
117	58
118	64
119	63
120	56
121	64
122	61
123	54
124	62
125	58
126	48
127	64
128	55
129	64
130	52
131	64
132	66
133	56
134	65
135	54
136	60
137	60
138	59
139	69
140	61
141	58
142	58
143	61
144	59
145	66
146	70
147	62
148	62
149	63
150	61
151	62
152	58
153	70
154	54
155	54
156	62
157	63
158	57
159	64
160	57
161	65
162	63
163	55
164	52
165	66
166	61
167	55
168	69
169	66
170	55
171	57
172	53
173	58
174	50
175	54
176	62
177	58
178	57
179	66
180	72
181	69
182	64
183	65
184	66
185	68
186	60
187	54
188	68
189	65
190	64
191	55
192	69
193	56
194	64
195	57
196	63
197	57
198	60
199	68
200	57
201	61
202	61
203	53
204	64
205	63
206	56
207	68
208	66
209	64
210	66
211	56
212	60
213	54
214	63
215	70
216	61
217	62
218	54
219	58
220	59
221	60
222	65
223	71
224	57
225	67
226	61
227	54
228	49
229	54
230	60
231	55
232	58
233	63
234	53
235	60
236	59
237	65
238	59
239	58
240	61
241	59
242	51
243	64
244	61
245	65
246	59
247	61
248	68
249	52
250	62
251	70
252	58
253	65
254	69
255	61
256	62
257	62
258	62
259	72
260	51
261	55
262	57
263	63
264	62
265	62
266	65
267	52
268	60
269	60
270	56
271	62
272	61
273	60
274	68
275	58
276	69
277	65
278	66
279	67
280	64
281	59
282	59
283	66
284	65
285	53
286	71
287	54
288	56
289	58
290	56
291	66
292	58
293	63
294	62
295	61
296	64
297	64
298	63
299	60
300	66
301	64
302	60
303	63
304	65
305	57
306	63
307	63
308	53
309	58
310	64
311	59
312	65
313	63
314	59
315	51
316	53
317	74
318	55
319	53
320	59
321	59
322	57
323	54
324	66
325	65
326	60
327	56
328	59
329	66
330	58
331	68
332	60
333	54
334	67
335	61
336	60
337	70
338	60
339	54
340	68
341	67
342	60
343	54
344	66
345	63
346	52
347	65
348	57
349	64
350	60
351	59
352	55
353	58
354	60
355	63
356	68
357	60
358	50
359	55
360	67
361	59
362	60
363	55
364	63
365	66
366	65
367	54
368	60
369	66
370	68
371	66
372	67
373	62
374	62
375	68
376	72
377	63
378	63
379	70
380	57
381	60
382	64
383	61
384	54
385	63
386	61
387	58
388	52
389	59
390	57
391	60
392	57
393	60
394	65
395	61
396	56
397	59
398	70
399	59
400	53
401	62
402	66
403	59
404	56
405	54
406	55
407	60
408	67
409	62
410	57
411	56
412	50
413	50
414	68
415	62
416	51
417	62
418	57
419	60
420	59
421	55
422	62
423	54
424	64
425	60
426	56
427	56
428	67
429	61
430	62
431	65
432	56
433	64
434	70
435	64
436	53
437	56
438	55
439	57
440	58
441	58
442	63
443	58
444	68
445	59
446	47
447	55
448	70
449	61
450	58
451	61
452	68
453	60
454	67
455	69
456	58
457	62
458	61
459	67
460	55
461	61
462	66
463	69
464	68
465	72
466	60
467	63
468	58
469	66
470	58
471	65
472	62
473	62
474	60
475	61
476	60
477	63
478	58
479	64
480	58
481	54
482	61
483	64
484	65
485	60
486	61
487	65
488	54
489	63
490	66
491	64
492	60
493	56
494	62
495	65
496	67
497	64
498	69
499	58
500	58
501	56
502	59
503	64
504	66
505	54
506	61
507	64
508	58
509	65
510	58
511	63
512	62
513	57
514	54
515	65
516	68
517	58
518	59
519	55
520	61
521	60
522	60
523	62
524	61
525	56
526	65
527	52
528	55
529	56
530	62
531	58
532	60
533	62
534	51
535	61
536	59
537	53
538	63
539	61
540	67
541	58
542	67
543	66
544	55
545	59
546	58
547	74
548	60
549	59
550	58
551	65
552	68
553	61
554	55
555	64
556	58
557	64
558	62
559	57
560	59
561	52
562	68
563	65
564	61
565	56
566	59
567	70
568	58
569	61
570	63
571	54
572	54
573	46
574	58
575	65
576	57
577	57
578	54
579	62
580	59
581	62
582	58
583	60
584	67
585	69
586	51
587	59
588	54
589	64
590	60
591	70
592	63
593	48
594	58
595	57
596	56
597	63
598	55
599	54
600	56
601	57
602	60
603	65
604	59
605	54
606	65
607	60
608	63
609	63
610	53
611	69
612	65
613	60
614	58
615	63
616	59
617	53
618	58
619	58
620	68
621	56
622	61
623	63
624	54
625	64
626	59
627	65
628	68
629	57
630	65
631	67
632	67
633	60
634	67
635	64
636	55
637	66
638	58
639	55
640	66
641	59
642	45
643	62
644	60
645	68
646	56
647	54
648	66
649	61
650	67
651	58
652	59
653	64
654	62
655	71
656	61
657	59
658	59
659	67
660	60
661	67
662	58
663	60
664	56
665	59
666	58
667	67
668	71
669	59
670	63
671	64
672	60
673	61
674	60
675	71
676	52
677	57
678	63
679	57
680	55
681	55
682	61
683	60
684	64
685	67
686	60
687	68
688	52
689	51
690	57
691	58
692	49
693	67
694	68
695	51
696	62
697	66
698	60
699	73
700	55
701	59
702	65
703	51
704	66
705	60
706	51
707	61
708	58
709	58
710	57
711	65
712	62
713	64
714	59
715	71
716	63
717	67
718	57
719	61
720	66
721	66
722	65
723	57
724	57
725	56
726	61
727	57
728	67
729	60
730	60
731	57
732	56
733	54
734	57
735	55
736	59
737	55
738	64
739	55
740	55
741	69
742	57
743	64
744	62
745	66
746	63
747	58
748	53
749	55
750	66
751	59
752	62
753	57
754	59
755	63
756	62
757	57
758	58
759	59
760	56
761	57
762	58
763	61
764	51
765	60
766	65
767	65
768	60
769	67
770	67
771	60
772	59
773	61
774	57
775	64
776	52
777	55
778	56
779	62
780	65
781	58
782	58
783	61
784	59
785	55
786	57
787	63
788	60
789	64
790	60
791	69
792	53
793	51
794	62
795	57
796	59
797	58
798	60
799	55
800	52
801	63
802	58
803	64
804	59
805	60
806	61
807	68
808	64
809	54
810	62
811	63
812	63
813	60
814	66
815	64
816	61
817	63
818	54
819	60
820	65
821	57
822	57
823	63
824	65
825	64
826	61
827	61
828	65
829	57
830	66
831	65
832	60
833	57
834	69
835	60
836	65
837	60
838	56
839	58
840	56
841	55
842	62
843	62
844	59
845	56
846	62
847	55
848	62
849	57
850	58
851	63
852	71
853	57
854	58
855	62
856	56
857	61
858	52
859	57
860	60
861	64
862	64
863	63
864	66
865	63
866	61
867	53
868	68
869	54
870	58
871	59
872	56
873	61
874	53
875	64
876	58
877	59
878	67
879	62
880	52
881	72
882	54
883	54
884	61
885	58
886	66
887	63
888	56
889	53
890	60
891	54
892	56
893	68
894	51
895	63
896	69
897	64
898	64
899	55
900	70
901	63
902	62
903	51
904	60
905	61
906	63
907	53
908	56
909	71
910	64
911	67
912	58
913	54
914	61
915	64
916	60
917	60
918	55
919	64
920	59
921	63
922	55
923	63
924	63
925	58
926	65
927	62
928	51
929	60
930	60
931	59
932	58
933	49
934	62
935	67
936	59
937	53
938	52
939	55
940	55
941	61
942	50
943	66
944	62
945	61
946	59
947	57
948	61
949	58
950	66
951	67
952	61
953	63
954	55
955	58
956	58
957	61
958	58
959	57
960	64
961	57
962	65
963	71
964	65
965	60
966	53
967	63
968	67
969	62
970	52
971	60
972	64
973	65
974	61
975	56
976	56
977	56
978	69
979	66
980	62
981	63
982	56
983	65
984	50
985	61
986	58
987	68
988	44
989	60
990	62
991	60
992	70
993	53
994	60
995	58
996	68
997	58
998	63
999	61
1000	68
1001	63
1002	63
1003	58
1004	62
1005	53
1006	62
1007	66
1008	48
1009	65
1010	64
1011	61
1012	58
1013	64
1014	67
1015	62
1016	58
1017	61
1018	59
1019	68
1020	55
1021	56
1022	65
1023	62
1024	48
1025	60
1026	62
1027	61
1028	66
1029	63
1030	56
1031	64
1032	55
1033	58
1034	54
1035	67
1036	62
1037	61
1038	66
1039	50
1040	65
1041	57
1042	65
1043	65
1044	63
1045	65
1046	61
1047	60
1048	61
1049	62
1050	65
1051	58
1052	53
1053	54
1054	64
1055	65
1056	70
1057	64
1058	55
1059	58
1060	66
1061	53
1062	69
1063	61
1064	62
1065	63
1066	60
1067	70
1068	60
1069	61
1070	63
1071	62
1072	57
1073	64
1074	56
1075	55
1076	59
1077	63
1078	67
1079	62
1080	62
1081	58
1082	61
1083	57
1084	57
1085	65
1086	66
1087	59
1088	60
1089	62
1090	54
1091	54
1092	56
1093	53
1094	54
1095	63
1096	56
1097	60
1098	68
1099	62
1100	50
1101	60
1102	56
1103	59
1104	63
1105	60
1106	60
1107	59
1108	56
1109	56
1110	56
1111	65
1112	60
1113	54
1114	63
1115	69
1116	53
1117	63
1118	57
1119	62
1120	52
1121	59
1122	67
1123	61
1124	45
1125	52
1126	66
1127	52
1128	62
1129	70
1130	59
1131	59
1132	65
1133	56
1134	67
1135	61
1136	63
1137	60
1138	53
1139	66
1140	53
1141	57
1142	57
1143	64
1144	55
1145	59
1146	61
1147	61
1148	58
1149	66
1150	61
1151	62
1152	60
1153	59
1154	70
1155	51
1156	63
1157	68
1158	65
1159	60
1160	64
1161	56
1162	66
1163	67
1164	64
1165	68
1166	52
1167	59
1168	61
1169	61
1170	60
1171	61
1172	68
1173	53
1174	60
1175	59
1176	61
1177	66
1178	59
1179	68
1180	58
1181	59
1182	55
1183	65
1184	56
1185	56
1186	68
1187	61
1188	63
1189	61
1190	53
1191	55
1192	65
1193	62
1194	71
1195	68
1196	60
1197	53
1198	65
1199	60
1200	52
1201	62
1202	75
1203	57
1204	65
1205	54
1206	60
1207	64
1208	65
1209	60
1210	62
1211	63
1212	53
1213	57
1214	65
1215	61
1216	55
1217	60
1218	58
1219	67
1220	60
1221	64
1222	52
1223	61
1224	60
1225	67
1226	60
1227	60
1228	62
1229	65
1230	61
1231	58
1232	60
1233	60
1234	61
1235	63
1236	56
1237	60
1238	63
1239	59
1240	62
1241	55
1242	58
1243	66
1244	60
1245	53
1246	54
1247	62
1248	58
1249	57
1250	56
1251	61
1252	56
1253	57
1254	59
1255	54
1256	67
1257	57
1258	55
1259	60
1260	56
1261	59
1262	56
1263	63
1264	55
1265	67
1266	63
1267	58
1268	64
1269	60
1270	54
1271	58
1272	55
1273	60
1274	63
1275	56
1276	56
1277	59
1278	59
1279	61
1280	59
1281	58
1282	66
1283	47
1284	65
1285	60
1286	64
1287	55
1288	59
1289	65
1290	50
1291	71
1292	61
1293	64
1294	56
1295	59
1296	57
1297	65
1298	61
1299	65
1300	66
1301	57
1302	53
1303	56
1304	55
1305	61
1306	62
1307	63
1308	72
1309	54
1310	63
1311	68
1312	66
1313	62
1314	56
1315	53
1316	58
1317	61
1318	61
1319	52
1320	61
1321	60
1322	49
1323	56
1324	61
1325	49
1326	60
1327	66
1328	56
1329	61
1330	60
1331	62
1332	68
1333	65
1334	57
1335	60
1336	66
1337	65
1338	57
1339	63
1340	61
1341	58
1342	59
1343	59
1344	60
1345	53
1346	65
1347	72
1348	58
1349	59
1350	67
1351	62
1352	59
1353	67
1354	66
1355	50
1356	60
1357	52
1358	58
1359	59
1360	62
1361	62
1362	65
1363	53
1364	62
1365	55
1366	56
1367	61
1368	62
1369	64
1370	60
1371	66
1372	60
1373	67
1374	56
1375	53
1376	61
1377	56
1378	67
1379	58
1380	62
1381	56
1382	62
1383	60
1384	57
1385	59
1386	69
1387	56
1388	60
1389	62
1390	69
1391	56
1392	54
1393	64
1394	60
1395	61
1396	55
1397	55
1398	58
1399	58
1400	51
1401	66
1402	62
1403	58
1404	58
1405	63
1406	58
1407	60
1408	60
1409	62
1410	59
1411	65
1412	54
1413	64
1414	59
1415	60
1416	67
1417	68
1418	69
1419	63
1420	58
1421	52
1422	60
1423	57
1424	59
1425	59
1426	56
1427	72
1428	57
1429	57
1430	63
1431	57
1432	66
1433	65
1434	53
1435	60
1436	67
1437	62
1438	61
1439	64
1440	65
1441	65
1442	46
1443	65
1444	56
1445	60
1446	59
1447	63
1448	59
1449	64
1450	67
1451	67
1452	64
1453	53
1454	56
1455	63
1456	53
1457	72
1458	56
1459	71
1460	57
1461	61
1462	59
1463	57
1464	65
1465	65
1466	59
1467	63
1468	62
1469	56
1470	69
1471	52
1472	62
1473	61
1474	66
1475	58
1476	56
1477	62
1478	56
1479	58
1480	57
1481	66
1482	64
1483	58
1484	57
1485	65
1486	61
1487	58
1488	58
1489	58
1490	63
1491	62
1492	62
1493	63
1494	59
1495	61
1496	60
1497	56
1498	66
1499	67
1500	69
1501	58
1502	57
1503	59
1504	65
1505	65
1506	57
1507	60
1508	60
1509	64
1510	61
1511	64
1512	57
1513	67
1514	55
1515	52
1516	59
1517	54
1518	56
1519	61
1520	62
1521	53
1522	56
1523	61
1524	55
1525	57
1526	54
1527	66
1528	58
1529	63
1530	57
1531	60
1532	64
1533	59
1534	64
1535	59
1536	58
1537	53
1538	63
1539	55
1540	56
1541	54
1542	61
1543	52
1544	65
1545	57
1546	60
1547	58
1548	58
1549	65
1550	60
1551	56
1552	58
1553	60
1554	57
1555	53
1556	62
1557	61
1558	65
1559	60
1560	57
1561	57
1562	71
1563	61
1564	54
1565	62
1566	62
1567	58
1568	65
1569	50
1570	51
1571	67
1572	52
1573	61
1574	59
1575	54
1576	63
1577	63
1578	54
1579	66
1580	58
1581	56
1582	62
1583	55
1584	64
1585	62
1586	57
1587	66
1588	61
1589	70
1590	57
1591	67
1592	66
1593	60
1594	62
1595	57
1596	58
1597	62
1598	58
1599	68
1600	53
1601	67
1602	62
1603	59
1604	61
1605	51
1606	71
1607	62
1608	63
1609	57
1610	56
1611	60
1612	60
1613	53
1614	63
1615	63
1616	57
1617	63
1618	59
1619	62
1620	62
1621	64
1622	53
1623	60
1624	65
1625	65
1626	65
1627	60
1628	60
1629	63
1630	56
1631	61
1632	64
1633	57
1634	67
1635	64
1636	54
1637	66
1638	59
1639	62
1640	62
1641	62
1642	56
1643	65
1644	63
1645	68
1646	57
1647	61
1648	71
1649	65
1650	70
1651	59
1652	72
1653	59
1654	68
1655	55
1656	60
1657	63
1658	61
1659	58
1660	58
1661	63
1662	62
1663	66
1664	49
1665	58
1666	61
1667	66
1668	66
1669	63
1670	61
1671	60
1672	55
1673	58
1674	61
1675	56
1676	61
1677	51
1678	65
1679	51
1680	58
1681	60
1682	57
1683	58
1684	72
1685	58
1686	68
1687	61
1688	67
1689	68
1690	61
1691	69
1692	52
1693	64
1694	62
1695	67
1696	52
1697	65
1698	55
1699	57
1700	54
1701	65
1702	63
1703	56
1704	62
1705	56
1706	62
1707	59
1708	61
1709	64
1710	66
1711	71
1712	63
1713	56
1714	59
1715	62
1716	62
1717	60
1718	52
1719	57
1720	62
1721	70
1722	53
1723	64
1724	67
1725	61
1726	54
1727	62
1728	63
1729	65
1730	62
1731	64
1732	67
1733	68
1734	66
1735	57
1736	58
1737	61
1738	60
1739	69
1740	66
1741	60
1742	58
1743	60
1744	58
1745	58
1746	59
1747	62
1748	53
1749	63
1750	66
1751	66
1752	53
1753	48
1754	61
1755	57
1756	57
1757	67
1758	57
1759	61
1760	68
1761	70
1762	53
1763	70
1764	66
1765	57
1766	64
1767	61
1768	65
1769	64
1770	60
1771	69
1772	63
1773	57
1774	63
1775	53
1776	58
1777	59
1778	54
1779	72
1780	58
1781	58
1782	62
1783	56
1784	52
1785	63
1786	65
1787	64
1788	61
1789	59
1790	72
1791	57
1792	59
1793	65
1794	64
1795	60
1796	60
1797	58
1798	58
1799	57
1800	63
1801	65
1802	59
1803	62
1804	59
1805	63
1806	68
1807	62
1808	51
1809	54
1810	56
1811	57
1812	50
1813	61
1814	56
1815	63
1816	63
1817	55
1818	68
1819	61
1820	60
1821	63
1822	64
1823	58
1824	56
1825	54
1826	66
1827	51
1828	58
1829	61
1830	70
1831	65
1832	61
1833	62
1834	59
1835	67
1836	56
1837	59
1838	73
1839	62
1840	64
1841	56
1842	50
1843	59
1844	57
1845	60
1846	67
1847	61
1848	57
1849	65
1850	56
1851	57
1852	50
1853	61
1854	65
1855	63
1856	64
1857	58
1858	55
1859	61
1860	60
1861	59
1862	62
1863	69
1864	68
1865	67
1866	61
1867	61
1868	54
1869	62
1870	57
1871	45
1872	60
1873	58
1874	53
1875	64
1876	61
1877	47
1878	54
1879	55
1880	58
1881	56
1882	71
1883	65
1884	65
1885	59
1886	54
1887	63
1888	58
1889	58
1890	70
1891	68
1892	65
1893	57
1894	65
1895	59
1896	59
1897	61
1898	62
1899	65
1900	61
1901	65
1902	62
1903	68
1904	60
1905	59
1906	70
1907	49
1908	72
1909	54
1910	52
1911	70
1912	64
1913	60
1914	65
1915	58
1916	64
1917	65
1918	61
1919	61
1920	60
1921	65
1922	57
1923	56
1924	53
1925	61
1926	55
1927	59
1928	62
1929	56
1930	59
1931	63
1932	57
1933	57
1934	61
1935	64
1936	62
1937	60
1938	69
1939	65
1940	60
1941	66
1942	73
1943	55
1944	55
1945	58
1946	63
1947	60
1948	60
1949	64
1950	61
1951	61
1952	65
1953	52
1954	54
1955	57
1956	62
1957	60
1958	54
1959	70
1960	63
1961	66
1962	62
1963	59
1964	55
1965	65
1966	61
1967	57
1968	60
1969	55
1970	65
1971	54
1972	56
1973	62
1974	63
1975	60
1976	64
1977	68
1978	69
1979	60
1980	61
1981	53
1982	62
1983	58
1984	64
1985	59
1986	63
1987	54
1988	59
1989	61
1990	54
1991	59
1992	58
1993	65
1994	53
1995	55
1996	59
1997	61
1998	64
1999	61
2000	64
2001	59
2002	66
2003	58
2004	67
2005	59
2006	68
2007	56
2008	69
2009	62
2010	64
2011	63
2012	67
2013	55
2014	62
2015	58
2016	68
2017	56
2018	65
2019	63
2020	62
2021	68
2022	58
2023	72
2024	67
2025	63
2026	62
2027	68
2028	69
2029	65
2030	57
2031	59
2032	70
2033	67
2034	61
2035	63
2036	61
2037	53
2038	58
2039	64
2040	53
2041	61
2042	60
2043	64
2044	59
2045	59
2046	61
2047	54
2048	51
2049	52
2050	59
2051	56
2052	64
2053	65
2054	62
2055	61
2056	55
2057	61
2058	62
2059	53
2060	54
2061	59
2062	58
2063	62
2064	61
2065	72
2066	58
2067	62
2068	57
2069	62
2070	65
2071	57
2072	58
2073	69
2074	65
2075	61
2076	67
2077	67
2078	62
2079	60
2080	64
2081	71
2082	64
2083	62
2084	63
2085	59
2086	60
2087	60
2088	65
2089	53
2090	67
2091	62
2092	60
2093	66
2094	67
2095	72
2096	59
2097	62
2098	52
2099	57
2100	60
2101	60
2102	59
2103	67
2104	62
2105	56
2106	55
2107	68
2108	57
2109	63
2110	67
2111	57
2112	62
2113	60
2114	61
2115	63
2116	67
2117	62
2118	64
2119	66
2120	61
2121	64
2122	55
2123	67
2124	53
2125	50
2126	58
2127	67
2128	63
2129	60
2130	53
2131	58
2132	52
2133	58
2134	57
2135	71
2136	54
2137	53
2138	52
2139	66
2140	63
2141	72
2142	56
2143	58
2144	62
2145	59
2146	59
2147	62
2148	68
2149	63
2150	54
2151	67
2152	66
2153	63
2154	57
2155	56
2156	64
2157	57
2158	64
2159	60
2160	52
2161	63
2162	61
2163	64
2164	52
2165	55
2166	67
2167	53
2168	64
2169	52
2170	56
2171	45
2172	62
2173	57
2174	58
2175	57
2176	66
2177	57
2178	60
2179	63
2180	58
2181	55
2182	65
2183	62
2184	67
2185	59
2186	69
2187	62
2188	55
2189	63
2190	67
2191	67
2192	53
2193	59
2194	54
2195	59
2196	58
2197	57
2198	66
2199	54
2200	59
2201	61
2202	60
2203	59
2204	56
2205	63
2206	61
2207	67
2208	52
2209	54
2210	66
2211	62
2212	57
2213	57
2214	73
2215	56
2216	72
2217	53
2218	66
2219	60
2220	65
2221	46
2222	52
2223	53
2224	53
2225	53
2226	59
2227	65
2228	53
2229	59
2230	62
2231	63
2232	58
2233	58
2234	63
2235	63
2236	61
2237	59
2238	59
2239	64
2240	59
2241	64
2242	61
2243	66
2244	62
2245	66
2246	60
2247	58
2248	60
2249	60
2250	61
2251	67
2252	62
2253	48
2254	66
2255	56
2256	56
2257	61
2258	58
2259	63
2260	56
2261	69
2262	59
2263	63
2264	61
2265	63
2266	55
2267	52
2268	59
2269	58
2270	57
2271	61
2272	60
2273	67
2274	65
2275	54
2276	61
2277	65
2278	56
2279	63
2280	67
2281	61
2282	63
2283	63
2284	64
2285	55
2286	55
2287	64
2288	63
2289	53
2290	65
2291	62
2292	66
2293	54
2294	70
2295	57
2296	57
2297	60
2298	54
2299	66
2300	60
2301	63
2302	61
2303	64
2304	54
2305	59
2306	54
2307	67
2308	55
2309	66
2310	55
2311	57
2312	58
2313	62
2314	61
2315	57
2316	53
2317	62
2318	57
2319	69
2320	61
2321	60
2322	60
2323	58
2324	70
2325	60
2326	55
2327	57
2328	63
2329	64
2330	71
2331	59
2332	56
2333	67
2334	47
2335	58
2336	62
2337	53
2338	61
2339	54
2340	61
2341	66
2342	60
2343	53
2344	56
2345	69
2346	56
2347	66
2348	57
2349	56
2350	61
2351	54
2352	60
2353	59
2354	60
2355	56
2356	54
2357	65
2358	54
2359	61
2360	64
2361	63
2362	52
2363	52
2364	54
2365	64
2366	60
2367	62
2368	61
2369	68
2370	64
2371	53
2372	64
2373	51
2374	68
2375	45
2376	47
2377	61
2378	66
2379	72
2380	61
2381	59
2382	67
2383	72
2384	63
2385	67
2386	54
2387	61
2388	58
2389	48
2390	59
2391	61
2392	68
2393	64
2394	64
2395	56
2396	61
2397	59
2398	61
2399	66
2400	62
2401	64
2402	58
2403	59
2404	53
2405	58
2406	57
2407	64
2408	63
2409	56
2410	55
2411	56
2412	54
2413	61
2414	58
2415	53
2416	62
2417	58
2418	59
2419	57
2420	63
2421	68
2422	64
2423	58
2424	59
2425	60
2426	67
2427	55
2428	59
2429	56
2430	61
2431	58
2432	58
2433	65
2434	61
2435	68
2436	61
2437	59
2438	61
2439	59
2440	67
2441	57
2442	58
2443	62
2444	63
2445	60
2446	63
2447	57
2448	62
2449	59
2450	64
2451	60
2452	52
2453	67
2454	64
2455	71
2456	53
2457	60
2458	67
2459	67
2460	61
2461	64
2462	55
2463	66
2464	50
2465	66
2466	62
2467	54
2468	63
2469	57
2470	53
2471	60
2472	71
2473	54
2474	66
2475	61
2476	65
2477	53
2478	59
2479	67
2480	62
2481	55
2482	61
2483	66
2484	49
2485	65
2486	68
2487	54
2488	59
2489	59
2490	58
2491	64
2492	65
2493	57
2494	63
2495	65
2496	65
2497	63
2498	61
2499	56
2500	51
2501	56
2502	58
2503	62
2504	66
2505	60
2506	60
2507	58
2508	63
2509	70
2510	53
2511	62
2512	61
2513	66
2514	58
2515	64
2516	60
2517	59
2518	63
2519	62
2520	56
2521	56
2522	64
2523	63
2524	60
2525	65
2526	56
2527	66
2528	57
2529	57
2530	65
2531	58
2532	58
2533	62
2534	62
2535	55
2536	60
2537	55
2538	61
2539	58
2540	63
2541	53
2542	64
2543	55
2544	60
2545	64
2546	71
2547	57
2548	59
2549	57
2550	63
2551	57
2552	60
2553	57
2554	64
2555	60
2556	56
2557	63
2558	66
2559	67
2560	62
2561	59
2562	56
2563	58
2564	66
2565	60
2566	55
2567	59
2568	50
2569	64
2570	59
2571	57
2572	54
2573	65
2574	69
2575	60
2576	60
2577	54
2578	64
2579	54
2580	67
2581	63
2582	57
2583	60
2584	61
2585	57
2586	55
2587	56
2588	60
2589	65
2590	57
2591	55
2592	63
2593	52
2594	70
2595	55
2596	62
2597	50
2598	67
2599	65
2600	63
2601	55
2602	66
2603	70
2604	54
2605	58
2606	61
2607	58
2608	58
2609	53
2610	54
2611	70
2612	69
2613	59
2614	58
2615	59
2616	65
2617	61
2618	64
2619	60
2620	68
2621	62
2622	68
2623	63
2624	60
2625	60
2626	73
2627	55
2628	66
2629	60
2630	57
2631	60
2632	61
2633	62
2634	72
2635	59
2636	56
2637	63
2638	67
2639	66
2640	58
2641	69
2642	60
2643	62
2644	57
2645	65
2646	65
2647	57
2648	59
2649	64
2650	72
2651	57
2652	61
2653	63
2654	53
2655	69
2656	65
2657	59
2658	56
2659	60
2660	51
2661	63
2662	61
2663	58
2664	58
2665	59
2666	58
2667	58
2668	64
2669	65
2670	60
2671	60
2672	63
2673	59
2674	64
2675	62
2676	50
2677	62
2678	62
2679	64
2680	72
2681	62
2682	65
2683	66
2684	54
2685	69
2686	74
2687	60
2688	63
2689	61
2690	64
2691	64
2692	58
2693	60
2694	61
2695	53
2696	56
2697	61
2698	69
2699	53
2700	52
2701	66
2702	59
2703	68
2704	62
2705	55
2706	62
2707	65
2708	62
2709	50
2710	65
2711	63
2712	60
2713	62
2714	65
2715	64
2716	61
2717	56
2718	59
2719	62
2720	64
2721	59
2722	65
2723	63
2724	62
2725	58
2726	55
2727	57
2728	58
2729	58
2730	60
2731	64
2732	54
2733	56
2734	65
2735	61
2736	67
2737	60
2738	57
2739	64
2740	65
2741	59
2742	58
2743	64
2744	60
2745	57
2746	67
2747	53
2748	62
2749	64
2750	59
2751	64
2752	62
2753	60
2754	65
2755	67
2756	57
2757	67
2758	66
2759	56
2760	68
2761	63
2762	66
2763	63
2764	71
2765	64
2766	63
2767	63
2768	57
2769	67
2770	61
2771	63
2772	64
2773	70
2774	64
2775	65
2776	61
2777	56
2778	54
2779	65
2780	52
2781	60
2782	68
2783	57
2784	61
2785	60
2786	70
2787	52
2788	61
2789	59
2790	57
2791	64
2792	66
2793	68
2794	64
2795	58
2796	58
2797	67
2798	57
2799	52
2800	62
2801	60
2802	61
2803	57
2804	64
2805	63
2806	59
2807	60
2808	71
2809	55
2810	54
2811	63
2812	63
2813	58
2814	65
2815	56
2816	52
2817	59
2818	54
2819	59
2820	60
2821	63
2822	59
2823	58
2824	61
2825	59
2826	55
2827	65
2828	65
2829	65
2830	58
2831	64
2832	56
2833	63
2834	60
2835	58
2836	61
2837	64
2838	62
2839	62
2840	58
2841	58
2842	51
2843	54
2844	58
2845	60
2846	64
2847	63
2848	62
2849	63
2850	58
2851	62
2852	58
2853	66
2854	62
2855	62
2856	68
2857	60
2858	54
2859	67
2860	66
2861	54
2862	60
2863	61
2864	59
2865	53
2866	59
2867	67
2868	60
2869	62
2870	55
2871	53
2872	62
2873	60
2874	70
2875	61
2876	56
2877	61
2878	61
2879	61
2880	58
2881	62
2882	54
2883	61
2884	62
2885	58
2886	59
2887	66
2888	68
2889	55
2890	56
2891	54
2892	63
2893	59
2894	52
2895	64
2896	64
2897	58
2898	59
2899	54
2900	55
2901	66
2902	62
2903	56
2904	55
2905	66
2906	62
2907	62
2908	60
2909	57
2910	55
2911	61
2912	72
2913	55
2914	65
2915	47
2916	58
2917	64
2918	66
2919	60
2920	61
2921	63
2922	54
2923	62
2924	70
2925	62
2926	56
2927	61
2928	56
2929	63
2930	67
2931	63
2932	65
2933	58
2934	54
2935	70
2936	56
2937	67
2938	53
2939	54
2940	56
2941	64
2942	60
2943	58
2944	63
2945	57
2946	60
2947	57
2948	53
2949	64
2950	56
2951	59
2952	58
2953	66
2954	62
2955	64
2956	57
2957	60
2958	60
2959	65
2960	63
2961	58
2962	60
2963	61
2964	58
2965	62
2966	56
2967	64
2968	52
2969	64
2970	62
2971	60
2972	64
2973	52
2974	51
2975	68
2976	67
2977	55
2978	59
2979	59
2980	60
2981	53
2982	62
2983	58
2984	59
2985	62
2986	63
2987	52
2988	57
2989	68
2990	61
2991	62
2992	57
2993	58
2994	62
2995	68
2996	59
2997	62
2998	55
2999	56
3000	64
3001	55
3002	71
3003	57
3004	58
3005	51
3006	60
3007	65
3008	58
3009	59
3010	65
3011	48
3012	63
3013	59
3014	61
3015	53
3016	67
3017	57
3018	65
3019	67
3020	66
3021	63
3022	59
3023	59
3024	51
3025	60
3026	60
3027	63
3028	70
3029	61
3030	63
3031	58
3032	57
3033	62
3034	62
3035	56
3036	56
3037	61
3038	65
3039	59
3040	55
3041	53
3042	63
3043	59
3044	61
3045	56
3046	60
3047	53
3048	58
3049	52
3050	65
3051	57
3052	61
3053	57
3054	57
3055	63
3056	53
3057	60
3058	62
3059	66
3060	59
3061	60
3062	66
3063	58
3064	60
3065	56
3066	68
3067	56
3068	61
3069	63
3070	67
3071	58
3072	56
3073	71
3074	51
3075	57
3076	64
3077	59
3078	54
3079	62
3080	65
3081	53
3082	62
3083	60
3084	54
3085	56
3086	60
3087	59
3088	66
3089	60
3090	61
3091	67
3092	60
3093	61
3094	60
3095	62
3096	60
3097	58
3098	68
3099	54
3100	58
3101	62
3102	53
3103	69
3104	63
3105	60
3106	64
3107	69
3108	57
3109	64
3110	61
3111	60
3112	72
3113	64
3114	65
3115	59
3116	60
3117	59
3118	57
3119	63
3120	66
3121	55
3122	57
3123	59
3124	57
3125	56
3126	64
3127	54
3128	64
3129	65
3130	56
3131	60
3132	64
3133	60
3134	61
3135	56
3136	65
3137	60
3138	50
3139	57
3140	55
3141	58
3142	59
3143	58
3144	62
3145	61
3146	57
3147	63
3148	58
3149	55
3150	65
3151	58
3152	64
3153	61
3154	59
3155	68
3156	62
3157	55
3158	54
3159	52
3160	59
3161	57
3162	58
3163	60
3164	57
3165	61
3166	55
3167	60
3168	54
3169	63
3170	65
3171	62
3172	58
3173	50
3174	58
3175	61
3176	56
3177	57
3178	59
3179	66
3180	55
3181	60
3182	61
3183	62
3184	66
3185	63
3186	67
3187	59
3188	69
3189	66
3190	62
3191	69
3192	53
3193	54
3194	57
3195	59
3196	63
3197	57
3198	69
3199	65
3200	60
3201	60
3202	66
3203	52
3204	67
3205	67
3206	64
3207	61
3208	65
3209	57
3210	64
3211	57
3212	67
3213	57
3214	62
3215	56
3216	64
3217	63
3218	65
3219	62
3220	62
3221	54
3222	69
3223	59
3224	67
3225	62
3226	65
3227	68
3228	59
3229	61
3230	60
3231	55
3232	58
3233	52
3234	67
3235	65
3236	62
3237	67
3238	57
3239	61
3240	59
3241	53
3242	60
3243	58
3244	53
3245	60
3246	57
3247	62
3248	60
3249	51
3250	58
3251	60
3252	53
3253	59
3254	61
3255	60
3256	61
3257	66
3258	66
3259	65
3260	65
3261	63
3262	67
3263	61
3264	63
3265	57
3266	65
3267	59
3268	63
3269	61
3270	58
3271	63
3272	60
3273	61
3274	57
3275	60
3276	62
3277	65
3278	54
3279	58
3280	61
3281	56
3282	68
3283	65
3284	63
3285	59
3286	66
3287	60
3288	56
3289	58
3290	71
3291	69
3292	53
3293	62
3294	57
3295	63
3296	63
3297	51
3298	58
3299	63
3300	59
3301	70
3302	56
3303	58
3304	66
3305	72
3306	58
3307	62
3308	50
3309	64
3310	53
3311	58
3312	67
3313	62
3314	61
3315	62
3316	55
3317	58
3318	69
3319	54
3320	52
3321	59
3322	70
3323	48
3324	66
3325	54
3326	54
3327	63
3328	63
3329	63
3330	60
3331	48
3332	66
3333	64
3334	68
3335	52
3336	67
3337	61
3338	59
3339	61
3340	63
3341	63
3342	70
3343	51
3344	57
3345	67
3346	64
3347	57
3348	62
3349	62
3350	60
3351	50
3352	56
3353	50
3354	67
3355	64
3356	58
3357	65
3358	52
3359	55
3360	68
3361	65
3362	57
3363	57
3364	64
3365	58
3366	52
3367	60
3368	50
3369	57
3370	61
3371	71
3372	71
3373	53
3374	58
3375	63
3376	60
3377	59
3378	63
3379	66
3380	53
3381	67
3382	59
3383	63
3384	69
3385	63
3386	59
3387	58
3388	68
3389	60
3390	54
3391	54
3392	63
3393	57
3394	56
3395	59
3396	65
3397	71
3398	51
3399	59
3400	56
3401	61
3402	65
3403	55
3404	55
3405	60
3406	61
3407	58
3408	59
3409	61
3410	56
3411	70
3412	65
3413	55
3414	74
3415	61
3416	68
3417	59
3418	63
3419	60
3420	52
3421	66
3422	62
3423	60
3424	56
3425	58
3426	54
3427	55
3428	56
3429	49
3430	63
3431	66
3432	63
3433	70
3434	55
3435	61
3436	60
3437	47
3438	63
3439	72
3440	56
3441	55
3442	59
3443	57
3444	67
3445	55
3446	56
3447	50
3448	54
3449	56
3450	63
3451	63
3452	54
3453	50
3454	64
3455	65
3456	63
3457	68
3458	60
3459	60
3460	57
3461	56
3462	67
3463	65
3464	75
3465	69
3466	69
3467	66
3468	70
3469	58
3470	60
3471	63
3472	57
3473	59
3474	63
3475	58
3476	59
3477	57
3478	69
3479	66
3480	64
3481	48
3482	64
3483	58
3484	64
3485	60
3486	48
3487	62
3488	61
3489	56
3490	50
3491	61
3492	65
3493	66
3494	67
3495	58
3496	56
3497	67
3498	56
3499	71
3500	61
3501	55
3502	60
3503	68
3504	60
3505	53
3506	75
3507	60
3508	55
3509	61
3510	61
3511	65
3512	67
3513	67
3514	56
3515	65
3516	63
3517	54
3518	72
3519	71
3520	62
3521	64
3522	52
3523	61
3524	64
3525	51
3526	55
3527	63
3528	63
3529	60
3530	67
3531	60
3532	60
3533	64
3534	61
3535	56
3536	61
3537	55
3538	60
3539	65
3540	63
3541	58
3542	60
3543	57
3544	63
3545	56
3546	69
3547	62
3548	68
3549	61
3550	66
3551	66
3552	68
3553	59
3554	66
3555	59
3556	58
3557	66
3558	63
3559	63
3560	65
3561	58
3562	52
3563	65
3564	53
3565	61
3566	59
3567	54
3568	56
3569	57
3570	58
3571	59
3572	62
3573	59
3574	64
3575	62
3576	57
3577	71
3578	58
3579	60
3580	70
3581	60
3582	61
3583	66
3584	58
3585	58
3586	61
3587	51
3588	63
3589	64
3590	61
3591	54
3592	68
3593	62
3594	55
3595	56
3596	55
3597	55
3598	62
3599	58
3600	54
3601	53
3602	69
3603	56
3604	57
3605	65
3606	64
3607	71
3608	63
3609	56
3610	66
3611	66
3612	54
3613	64
3614	65
3615	62
3616	50
3617	63
3618	62
3619	55
3620	62
3621	63
3622	55
3623	53
3624	66
3625	63
3626	63
3627	57
3628	64
3629	60
3630	53
3631	54
3632	67
3633	59
3634	64
3635	63
3636	67
3637	56
3638	61
3639	63
3640	60
3641	55
3642	61
3643	61
3644	54
3645	71
3646	55
3647	67
3648	66
3649	51
3650	51
3651	61
3652	62
3653	60
3654	62
3655	64
3656	61
3657	58
3658	64
3659	67
3660	62
3661	55
3662	64
3663	65
3664	60
3665	62
3666	47
3667	71
3668	60
3669	62
3670	61
3671	63
3672	60
3673	61
3674	58
3675	62
3676	56
3677	56
3678	67
3679	66
3680	67
3681	64
3682	56
3683	55
3684	59
3685	60
3686	59
3687	61
3688	63
3689	58
3690	67
3691	63
3692	62
3693	61
3694	61
3695	56
3696	57
3697	58
3698	66
3699	65
3700	64
3701	58
3702	61
3703	59
3704	65
3705	65
3706	60
3707	64
3708	59
3709	58
3710	54
3711	66
3712	61
3713	69
3714	65
3715	64
3716	59
3717	52
3718	53
3719	67
3720	62
3721	66
3722	55
3723	55
3724	62
3725	56
3726	66
3727	57
3728	59
3729	56
3730	59
3731	61
3732	55
3733	69
3734	58
3735	66
3736	66
3737	49
3738	59
3739	62
3740	52
3741	62
3742	55
3743	64
3744	60
3745	66
3746	61
3747	53
3748	67
3749	71
3750	63
3751	67
3752	64
3753	66
3754	66
3755	65
3756	54
3757	64
3758	64
3759	62
3760	62
3761	62
3762	63
3763	57
3764	60
3765	61
3766	55
3767	56
3768	62
3769	57
3770	66
3771	59
3772	68
3773	55
3774	67
3775	58
3776	62
3777	68
3778	64
3779	56
3780	61
3781	66
3782	62
3783	59
3784	59
3785	63
3786	72
3787	60
3788	69
3789	63
3790	55
3791	62
3792	69
3793	61
3794	62
3795	61
3796	58
3797	63
3798	59
3799	55
3800	62
3801	52
3802	62
3803	67
3804	49
3805	57
3806	67
3807	53
3808	54
3809	53
3810	62
3811	63
3812	65
3813	66
3814	65
3815	63
3816	59
3817	62
3818	70
3819	54
3820	59
3821	56
3822	62
3823	64
3824	66
3825	66
3826	57
3827	67
3828	58
3829	59
3830	58
3831	47
3832	63
3833	56
3834	66
3835	55
3836	63
3837	53
3838	57
3839	62
3840	79
3841	50
3842	62
3843	54
3844	50
3845	58
3846	62
3847	65
3848	67
3849	66
3850	58
3851	71
3852	62
3853	60
3854	59
3855	52
3856	60
3857	63
3858	58
3859	53
3860	60
3861	59
3862	61
3863	59
3864	54
3865	55
3866	65
3867	65
3868	54
3869	60
3870	63
3871	51
3872	68
3873	65
3874	59
3875	64
3876	63
3877	51
3878	65
3879	55
3880	59
3881	64
3882	67
3883	58
3884	67
3885	74
3886	62
3887	57
3888	59
3889	59
3890	62
3891	68
3892	66
3893	59
3894	60
3895	55
3896	53
3897	62
3898	61
3899	58
3900	60
3901	63
3902	66
3903	53
3904	61
3905	56
3906	51
3907	60
3908	53
3909	65
3910	61
3911	60
3912	65
3913	61
3914	57
3915	65
3916	66
3917	63
3918	65
3919	58
3920	61
3921	62
3922	63
3923	63
3924	57
3925	62
3926	62
3927	60
3928	53
3929	48
3930	55
3931	56
3932	61
3933	58
3934	64
3935	64
3936	55
3937	57
3938	65
3939	66
3940	63
3941	58
3942	66
3943	61
3944	63
3945	66
3946	69
3947	61
3948	73
3949	71
3950	64
3951	59
3952	61
3953	57
3954	62
3955	60
3956	73
3957	60
3958	62
3959	65
3960	65
3961	67
3962	63
3963	67
3964	62
3965	55
3966	71
3967	65
3968	62
3969	58
3970	62
3971	58
3972	65
3973	62
3974	56
3975	54
3976	68
3977	61
3978	63
3979	61
3980	60
3981	68
3982	56
3983	61
3984	64
3985	63
3986	52
3987	62
3988	63
3989	69
3990	63
3991	61
3992	59
3993	53
3994	59
3995	56
3996	56
3997	59
3998	64
3999	59
4000	53
4001	62
4002	57
4003	67
4004	66
4005	61
4006	62
4007	65
4008	56
4009	64
4010	57
4011	61
4012	62
4013	59
4014	66
4015	60
4016	58
4017	64
4018	63
4019	60
4020	63
4021	61
4022	71
4023	63
4024	59
4025	59
4026	60
4027	60
4028	62
4029	67
4030	69
4031	57
4032	44
4033	64
4034	69
4035	67
4036	71
4037	56
4038	69
4039	63
4040	58
4041	69
4042	63
4043	70
4044	61
4045	69
4046	59
4047	58
4048	54
4049	57
4050	54
4051	50
4052	56
4053	61
4054	62
4055	56
4056	62
4057	57
4058	68
4059	60
4060	64
4061	58
4062	67
4063	66
4064	71
4065	63
4066	67
4067	53
4068	59
4069	67
4070	63
4071	52
4072	58
4073	68
4074	56
4075	56
4076	60
4077	55
4078	57
4079	73
4080	59
4081	66
4082	58
4083	53
4084	62
4085	66
4086	60
4087	56
4088	62
4089	67
4090	57
4091	61
4092	63
4093	65
4094	62
4095	66
4096	61
4097	54
4098	56
4099	53
4100	57
4101	60
4102	59
4103	54
4104	64
4105	58
4106	60
4107	64
4108	63
4109	62
4110	72
4111	62
4112	58
4113	66
4114	61
4115	61
4116	65
4117	54
4118	61
4119	68
4120	63
4121	54
4122	72
4123	58
4124	55
4125	61
4126	57
4127	65
4128	63
4129	62
4130	61
4131	53
4132	71
4133	69
4134	62
4135	52
4136	65
4137	58
4138	58
4139	66
4140	64
4141	61
4142	61
4143	58
4144	65
4145	53
4146	57
4147	71
4148	64
4149	61
4150	60
4151	64
4152	60
4153	61
4154	56
4155	64
4156	58
4157	55
4158	56
4159	70
4160	65
4161	54
4162	51
4163	60
4164	59
4165	58
4166	51
4167	57
4168	67
4169	56
4170	62
4171	61
4172	58
4173	61
4174	63
4175	63
4176	59
4177	56
4178	56
4179	63
4180	51
4181	62
4182	66
4183	58
4184	58
4185	57
4186	59
4187	71
4188	63
4189	58
4190	57
4191	70
4192	62
4193	62
4194	60
4195	62
4196	61
4197	58
4198	64
4199	69
4200	61
4201	60
4202	60
4203	58
4204	67
4205	62
4206	67
4207	62
4208	57
4209	61
4210	53
4211	60
4212	63
4213	60
4214	51
4215	57
4216	53
4217	53
4218	68
4219	50
4220	66
4221	57
4222	64
4223	57
4224	53
4225	68
4226	55
4227	62
4228	72
4229	64
4230	68
4231	63
4232	62
4233	58
4234	63
4235	61
4236	56
4237	63
4238	56
4239	61
4240	64
4241	65
4242	60
4243	63
4244	70
4245	63
4246	60
4247	61
4248	58
4249	57
4250	65
4251	65
4252	64
4253	61
4254	62
4255	58
4256	60
4257	51
4258	55
4259	58
4260	62
4261	60
4262	61
4263	57
4264	62
4265	53
4266	58
4267	56
4268	65
4269	53
4270	67
4271	48
4272	65
4273	62
4274	62
4275	69
4276	67
4277	65
4278	58
4279	53
4280	55
4281	64
4282	60
4283	73
4284	59
4285	59
4286	51
4287	58
4288	61
4289	63
4290	63
4291	63
4292	58
4293	60
4294	69
4295	58
4296	62
4297	64
4298	60
4299	70
4300	60
4301	60
4302	60
4303	64
4304	62
4305	53
4306	63
4307	69
4308	65
4309	57
4310	63
4311	66
4312	59
4313	62
4314	63
4315	61
4316	52
4317	60
4318	58
4319	49
4320	63
4321	60
4322	60
4323	61
4324	65
4325	64
4326	61
4327	56
4328	60
4329	61
4330	62
4331	64
4332	59
4333	47
4334	65
4335	69
4336	61
4337	62
4338	57
4339	68
4340	71
4341	61
4342	56
4343	59
4344	59
4345	68
4346	56
4347	55
4348	64
4349	48
4350	64
4351	56
4352	64
4353	63
4354	62
4355	63
4356	63
4357	58
4358	69
4359	60
4360	59
4361	66
4362	57
4363	62
4364	66
4365	57
4366	62
4367	68
4368	65
4369	59
4370	57
4371	57
4372	61
4373	66
4374	62
4375	53
4376	55
4377	67
4378	62
4379	60
4380	58
4381	63
4382	57
4383	57
4384	55
4385	63
4386	64
4387	63
4388	65
4389	70
4390	60
4391	61
4392	66
4393	64
4394	69
4395	60
4396	61
4397	64
4398	59
4399	58
4400	67
4401	66
4402	63
4403	59
4404	62
4405	58
4406	62
4407	54
4408	60
4409	59
4410	60
4411	66
4412	65
4413	62
4414	59
4415	62
4416	54
4417	63
4418	52
4419	65
4420	65
4421	59
4422	64
4423	59
4424	56
4425	57
4426	64
4427	69
4428	64
4429	64
4430	60
4431	60
4432	62
4433	57
4434	60
4435	57
4436	71
4437	65
4438	58
4439	61
4440	56
4441	58
4442	55
4443	59
4444	57
4445	58
4446	59
4447	65
4448	62
4449	60
4450	64
4451	58
4452	64
4453	55
4454	55
4455	65
4456	58
4457	56
4458	66
4459	59
4460	59
4461	58
4462	69
4463	59
4464	67
4465	61
4466	59
4467	63
4468	56
4469	61
4470	71
4471	63
4472	71
4473	54
4474	54
4475	56
4476	60
4477	60
4478	63
4479	59
4480	60
4481	68
4482	69
4483	62
4484	63
4485	62
4486	63
4487	56
4488	61
4489	59
4490	56
4491	63
4492	56
4493	59
4494	59
4495	58
4496	53
4497	52
4498	59
4499	63
4500	57
4501	67
4502	51
4503	68
4504	65
4505	69
4506	62
4507	68
4508	60
4509	57
4510	64
4511	59
4512	58
4513	62
4514	56
4515	57
4516	57
4517	60
4518	63
4519	60
4520	67
4521	65
4522	54
4523	65
4524	58
4525	61
4526	64
4527	67
4528	57
4529	66
4530	65
4531	66
4532	56
4533	63
4534	57
4535	54
4536	59
4537	69
4538	58
4539	63
4540	55
4541	56
4542	62
4543	60
4544	57
4545	53
4546	66
4547	55
4548	62
4549	54
4550	65
4551	67
4552	60
4553	58
4554	58
4555	66
4556	60
4557	57
4558	54
4559	63
4560	61
4561	58
4562	52
4563	58
4564	62
4565	57
4566	61
4567	63
4568	58
4569	66
4570	60
4571	59
4572	56
4573	60
4574	60
4575	67
4576	53
4577	56
4578	64
4579	67
4580	65
4581	61
4582	61
4583	58
4584	63
4585	56
4586	57
4587	67
4588	51
4589	59
4590	59
4591	60
4592	66
4593	52
4594	60
4595	74
4596	58
4597	57
4598	65
4599	56
4600	64
4601	62
4602	63
4603	58
4604	56
4605	58
4606	60
4607	58
4608	56
4609	67
4610	52
4611	55
4612	66
4613	59
4614	60
4615	62
4616	59
4617	59
4618	61
4619	67
4620	62
4621	61
4622	63
4623	62
4624	63
4625	60
4626	54
4627	66
4628	58
4629	65
4630	60
4631	58
4632	59
4633	61
4634	58
4635	64
4636	54
4637	67
4638	58
4639	55
4640	57
4641	66
4642	61
4643	63
4644	63
4645	56
4646	64
4647	64
4648	56
4649	53
4650	56
4651	61
4652	61
4653	63
4654	75
4655	64
4656	66
4657	52
4658	61
4659	56
4660	63
4661	65
4662	58
4663	58
4664	65
4665	63
4666	57
4667	70
4668	69
4669	66
4670	63
4671	60
4672	65
4673	56
4674	61
4675	65
4676	57
4677	57
4678	60
4679	65
4680	62
4681	59
4682	65
4683	61
4684	55
4685	60
4686	55
4687	72
4688	66
4689	58
4690	60
4691	58
4692	62
4693	60
4694	50
4695	62
4696	66
4697	60
4698	50
4699	54
4700	52
4701	55
4702	64
4703	58
4704	61
4705	59
4706	52
4707	65
4708	52
4709	64
4710	64
4711	74
4712	65
4713	61
4714	59
4715	56
4716	62
4717	58
4718	63
4719	59
4720	60
4721	66
4722	62
4723	68
4724	60
4725	74
4726	65
4727	61
4728	63
4729	63
4730	56
4731	64
4732	62
4733	66
4734	53
4735	64
4736	59
4737	64
4738	64
4739	61
4740	56
4741	62
4742	77
4743	66
4744	67
4745	65
4746	63
4747	60
4748	60
4749	64
4750	59
4751	63
4752	57
4753	70
4754	72
4755	58
4756	58
4757	68
4758	59
4759	57
4760	49
4761	53
4762	66
4763	62
4764	48
4765	55
4766	65
4767	58
4768	67
4769	60
4770	67
4771	56
4772	57
4773	60
4774	63
4775	59
4776	61
4777	64
4778	65
4779	54
4780	58
4781	71
4782	56
4783	64
4784	62
4785	65
4786	63
4787	64
4788	69
4789	56
4790	62
4791	63
4792	61
4793	59
4794	59
4795	62
4796	61
4797	57
4798	62
4799	53
4800	64
4801	66
4802	61
4803	70
4804	65
4805	59
4806	59
4807	54
4808	64
4809	65
4810	53
4811	54
4812	56
4813	54
4814	56
4815	53
4816	57
4817	64
4818	57
4819	67
4820	56
4821	63
4822	66
4823	65
4824	63
4825	65
4826	59
4827	57
4828	59
4829	64
4830	62
4831	67
4832	67
4833	56
4834	62
4835	65
4836	50
4837	65
4838	59
4839	64
4840	55
4841	54
4842	72
4843	58
4844	66
4845	61
4846	56
4847	69
4848	69
4849	62
4850	64
4851	61
4852	57
4853	65
4854	60
4855	58
4856	61
4857	62
4858	64
4859	56
4860	62
4861	52
4862	58
4863	64
4864	60
4865	62
4866	62
4867	63
4868	65
4869	60
4870	58
4871	62
4872	66
4873	63
4874	62
4875	57
4876	59
4877	58
4878	60
4879	62
4880	56
4881	73
4882	62
4883	63
4884	68
4885	60
4886	61
4887	60
4888	57
4889	62
4890	53
4891	63
4892	66
4893	56
4894	60
4895	65
4896	62
4897	56
4898	53
4899	58
4900	54
4901	60
4902	64
4903	61
4904	64
4905	59
4906	56
4907	64
4908	60
4909	79
4910	55
4911	54
4912	62
4913	55
4914	57
4915	67
4916	56
4917	55
4918	65
4919	60
4920	61
4921	60
4922	64
4923	57
4924	63
4925	71
4926	60
4927	57
4928	62
4929	62
4930	63
4931	50
4932	58
4933	59
4934	53
4935	62
4936	60
4937	64
4938	57
4939	57
4940	64
4941	60
4942	69
4943	51
4944	58
4945	56
4946	62
4947	54
4948	62
4949	60
4950	63
4951	66
4952	54
4953	56
4954	64
4955	60
4956	64
4957	58
4958	59
4959	64
4960	61
4961	59
4962	60
4963	54
4964	67
4965	60
4966	62
4967	71
4968	48
4969	60
4970	60
4971	63
4972	59
4973	57
4974	59
4975	54
4976	63
4977	62
4978	66
4979	60
4980	56
4981	57
4982	62
4983	64
4984	65
4985	61
4986	59
4987	63
4988	57
4989	60
4990	62
4991	59
4992	66
4993	56
4994	64
4995	66
4996	59
4997	58
4998	62
4999	59
5000	62
5001	58
5002	68
5003	56
5004	59
5005	62
5006	56
5007	61
5008	67
5009	55
5010	63
5011	62
5012	71
5013	70
5014	64
5015	63
5016	62
5017	69
5018	59
5019	63
5020	64
5021	57
5022	65
5023	61
5024	62
5025	66
5026	66
5027	60
5028	58
5029	68
5030	53
5031	62
5032	58
5033	56
5034	57
5035	59
5036	55
5037	48
5038	66
5039	63
5040	63
5041	63
5042	60
5043	56
5044	59
5045	71
5046	65
5047	61
5048	61
5049	62
5050	63
5051	63
5052	61
5053	62
5054	56
5055	59
5056	73
5057	59
5058	52
5059	67
5060	61
5061	65
5062	67
5063	62
5064	61
5065	62
5066	66
5067	66
5068	63
5069	68
5070	63
5071	60
5072	61
5073	64
5074	54
5075	51
5076	59
5077	60
5078	52
5079	55
5080	55
5081	63
5082	55
5083	58
5084	66
5085	63
5086	64
5087	60
5088	64
5089	66
5090	61
5091	62
5092	66
5093	72
5094	64
5095	64
5096	70
5097	62
5098	71
5099	59
5100	57
5101	59
5102	57
5103	59
5104	62
5105	60
5106	68
5107	56
5108	64
5109	62
5110	63
5111	53
5112	65
5113	53
5114	68
5115	62
5116	64
5117	63
5118	63
5119	65
5120	68
5121	63
5122	71
5123	59
5124	63
5125	59
5126	63
5127	51
5128	63
5129	71
5130	65
5131	63
5132	61
5133	62
5134	65
5135	65
5136	61
5137	58
5138	56
5139	60
5140	57
5141	69
5142	58
5143	50
5144	67
5145	64
5146	63
5147	55
5148	55
5149	60
5150	60
5151	55
5152	58
5153	61
5154	63
5155	57
5156	50
5157	62
5158	62
5159	69
5160	67
5161	70
5162	65
5163	62
5164	52
5165	55
5166	63
5167	58
5168	60
5169	58
5170	55
5171	58
5172	62
5173	60
5174	67
5175	61
5176	58
5177	58
5178	55
5179	64
5180	60
5181	69
5182	63
5183	55
5184	59
5185	51
5186	62
5187	58
5188	60
5189	65
5190	58
5191	62
5192	51
5193	60
5194	59
5195	63
5196	59
5197	61
5198	53
5199	55
5200	66
5201	65
5202	62
5203	62
5204	63
5205	64
5206	65
5207	51
5208	53
5209	63
5210	57
5211	58
5212	60
5213	62
5214	57
5215	56
5216	57
5217	58
5218	60
5219	58
5220	62
5221	62
5222	54
5223	56
5224	68
5225	57
5226	59
5227	54
5228	55
5229	61
5230	59
5231	64
5232	60
5233	54
5234	56
5235	63
5236	62
5237	72
5238	62
5239	56
5240	62
5241	64
5242	62
5243	63
5244	61
5245	57
5246	63
5247	64
5248	60
5249	64
5250	57
5251	66
5252	57
5253	58
5254	60
5255	63
5256	58
5257	54
5258	59
5259	61
5260	64
5261	62
5262	62
5263	58
5264	57
5265	65
5266	64
5267	59
5268	69
5269	63
5270	68
5271	62
5272	68
5273	55
5274	61
5275	60
5276	65
5277	60
5278	64
5279	69
5280	72
5281	67
5282	62
5283	57
5284	63
5285	64
5286	62
5287	57
5288	59
5289	56
5290	62
5291	58
5292	61
5293	51
5294	55
5295	60
5296	62
5297	63
5298	61
5299	63
5300	59
5301	63
5302	63
5303	54
5304	59
5305	61
5306	67
5307	65
5308	60
5309	61
5310	59
5311	66
5312	57
5313	70
5314	58
5315	67
5316	60
5317	61
5318	61
5319	62
5320	63
5321	59
5322	62
5323	60
5324	59
5325	54
5326	52
5327	53
5328	58
5329	61
5330	56
5331	63
5332	63
5333	69
5334	63
5335	63
5336	61
5337	61
5338	69
5339	60
5340	57
5341	59
5342	60
5343	61
5344	63
5345	67
5346	68
5347	55
5348	67
5349	62
5350	53
5351	69
5352	62
5353	61
5354	60
5355	63
5356	63
5357	56
5358	61
5359	59
5360	55
5361	55
5362	68
5363	65
5364	67
5365	56
5366	55
5367	63
5368	58
5369	60
5370	64
5371	61
5372	59
5373	59
5374	63
5375	50
5376	60
5377	56
5378	54
5379	63
5380	57
5381	50
5382	60
5383	67
5384	61
5385	64
5386	58
5387	50
5388	52
5389	65
5390	65
5391	66
5392	58
5393	62
5394	54
5395	62
5396	59
5397	69
5398	67
5399	68
5400	63
5401	55
5402	65
5403	61
5404	49
5405	50
5406	48
5407	55
5408	64
5409	57
5410	57
5411	59
5412	59
5413	63
5414	57
5415	55
5416	69
5417	59
5418	66
5419	56
5420	58
5421	62
5422	56
5423	54
5424	60
5425	49
5426	56
5427	61
5428	57
5429	66
5430	69
5431	65
5432	57
5433	64
5434	71
5435	62
5436	65
5437	61
5438	59
5439	60
5440	63
5441	65
5442	65
5443	55
5444	65
5445	67
5446	64
5447	58
5448	60
5449	62
5450	60
5451	59
5452	62
5453	54
5454	58
5455	69
5456	67
5457	62
5458	61
5459	56
5460	57
5461	63
5462	60
5463	67
5464	60
5465	65
5466	62
5467	62
5468	63
5469	66
5470	56
5471	58
5472	70
5473	64
5474	56
5475	66
5476	55
5477	62
5478	49
5479	52
5480	60
5481	65
5482	62
5483	58
5484	62
5485	58
5486	62
5487	63
5488	64
5489	64
5490	57
5491	66
5492	64
5493	61
5494	65
5495	61
5496	51
5497	64
5498	60
5499	60
5500	62
5501	66
5502	61
5503	64
5504	68
5505	53
5506	63
5507	61
5508	65
5509	59
5510	54
5511	58
5512	54
5513	58
5514	61
5515	58
5516	51
5517	57
5518	49
5519	55
5520	61
5521	67
5522	65
5523	60
5524	64
5525	70
5526	65
5527	63
5528	56
5529	51
5530	62
5531	64
5532	61
5533	65
5534	57
5535	61
5536	62
5537	58
5538	58
5539	55
5540	56
5541	62
5542	59
5543	58
5544	64
5545	64
5546	57
5547	66
5548	62
5549	67
5550	66
5551	56
5552	67
5553	68
5554	65
5555	60
5556	56
5557	54
5558	64
5559	64
5560	59
5561	66
5562	54
5563	64
5564	53
5565	62
5566	52
5567	62
5568	54
5569	59
5570	62
5571	64
5572	51
5573	53
5574	57
5575	57
5576	67
5577	61
5578	61
5579	66
5580	59
5581	70
5582	53
5583	55
5584	58
5585	59
5586	58
5587	60
5588	60
5589	63
5590	60
5591	63
5592	54
5593	70
5594	70
5595	58
5596	65
5597	61
5598	57
5599	54
5600	59
5601	55
5602	50
5603	57
5604	53
5605	58
5606	61
5607	60
5608	57
5609	57
5610	59
5611	60
5612	63
5613	62
5614	57
5615	55
5616	60
5617	65
5618	61
5619	66
5620	57
5621	55
5622	56
5623	69
5624	63
5625	62
5626	65
5627	59
5628	69
5629	59
5630	66
5631	61
5632	57
5633	56
5634	58
5635	57
5636	74
5637	60
5638	55
5639	60
5640	61
5641	64
5642	57
5643	60
5644	59
5645	59
5646	56
5647	59
5648	65
5649	47
5650	57
5651	68
5652	68
5653	65
5654	58
5655	62
5656	64
5657	58
5658	56
5659	56
5660	63
5661	64
5662	66
5663	56
5664	47
5665	61
5666	61
5667	63
5668	56
5669	60
5670	52
5671	69
5672	68
5673	58
5674	50
5675	57
5676	69
5677	68
5678	70
5679	62
5680	65
5681	60
5682	67
5683	52
5684	60
5685	52
5686	60
5687	59
5688	59
5689	67
5690	65
5691	63
5692	59
5693	56
5694	56
5695	62
5696	65
5697	59
5698	59
5699	67
5700	59
5701	59
5702	55
5703	64
5704	60
5705	68
5706	64
5707	59
5708	54
5709	63
5710	57
5711	60
5712	63
5713	73
5714	61
5715	59
5716	66
5717	59
5718	58
5719	58
5720	57
5721	55
5722	59
5723	63
5724	52
5725	59
5726	56
5727	61
5728	68
5729	60
5730	65
5731	70
5732	57
5733	59
5734	63
5735	63
5736	61
5737	58
5738	60
5739	59
5740	62
5741	59
5742	60
5743	59
5744	65
5745	59
5746	65
5747	56
5748	55
5749	58
5750	62
5751	65
5752	60
5753	59
5754	65
5755	61
5756	66
5757	67
5758	65
5759	58
5760	58
5761	63
5762	56
5763	61
5764	68
5765	60
5766	65
5767	59
5768	64
5769	56
5770	64
5771	65
5772	60
5773	52
5774	60
5775	60
5776	61
5777	62
5778	63
5779	62
5780	61
5781	60
5782	51
5783	60
5784	55
5785	72
5786	57
5787	67
5788	64
5789	64
5790	61
5791	55
5792	70
5793	56
5794	65
5795	55
5796	59
5797	52
5798	65
5799	65
5800	60
5801	63
5802	56
5803	59
5804	60
5805	51
5806	51
5807	61
5808	56
5809	57
5810	61
5811	46
5812	55
5813	60
5814	68
5815	58
5816	55
5817	57
5818	53
5819	61
5820	69
5821	57
5822	66
5823	59
5824	65
5825	60
5826	65
5827	69
5828	61
5829	54
5830	70
5831	58
5832	57
5833	61
5834	76
5835	62
5836	59
5837	64
5838	57
5839	62
5840	62
5841	62
5842	69
5843	59
5844	61
5845	58
5846	62
5847	56
5848	68
5849	64
5850	62
5851	64
5852	69
5853	58
5854	64
5855	55
5856	58
5857	55
5858	52
5859	58
5860	68
5861	70
5862	57
5863	64
5864	66
5865	65
5866	58
5867	53
5868	55
5869	49
5870	58
5871	64
5872	64
5873	59
5874	65
5875	61
5876	61
5877	57
5878	54
5879	61
5880	66
5881	58
5882	64
5883	52
5884	61
5885	55
5886	67
5887	65
5888	58
5889	60
5890	63
5891	58
5892	63
5893	55
5894	66
5895	63
5896	73
5897	65
5898	67
5899	58
5900	63
5901	59
5902	52
5903	61
5904	58
5905	57
5906	62
5907	67
5908	55
5909	64
5910	54
5911	62
5912	63
5913	51
5914	63
5915	61
5916	54
5917	62
5918	53
5919	68
5920	61
5921	58
5922	58
5923	62
5924	60
5925	62
5926	60
5927	69
5928	68
5929	59
5930	64
5931	56
5932	56
5933	63
5934	57
5935	59
5936	56
5937	56
5938	63
5939	61
5940	61
5941	57
5942	59
5943	61
5944	49
5945	56
5946	59
5947	61
5948	54
5949	60
5950	64
5951	57
5952	58
5953	61
5954	61
5955	65
5956	59
5957	57
5958	64
5959	59
5960	61
5961	62
5962	54
5963	67
5964	58
5965	58
5966	66
5967	61
5968	65
5969	63
5970	58
5971	65
5972	66
5973	61
5974	64
5975	57
5976	59
5977	51
5978	63
5979	56
5980	58
5981	58
5982	62
5983	57
5984	60
5985	64
5986	56
5987	60
5988	59
5989	65
5990	64
5991	60
5992	64
5993	61
5994	67
5995	58
5996	60
5997	54
5998	49
5999	65
6000	58
6001	67
6002	70
6003	68
6004	64
6005	55
6006	68
6007	60
6008	65
6009	69
6010	64
6011	55
6012	57
6013	58
6014	69
6015	62
6016	54
6017	65
6018	59
6019	60
6020	61
6021	59
6022	60
6023	49
6024	63
6025	58
6026	59
6027	56
6028	60
6029	49
6030	62
6031	68
6032	57
6033	65
6034	58
6035	63
6036	60
6037	64
6038	59
6039	56
6040	54
6041	58
6042	56
6043	68
6044	55
6045	66
6046	60
6047	65
6048	59
6049	54
6050	62
6051	63
6052	63
6053	57
6054	70
6055	66
6056	61
6057	62
6058	65
6059	62
6060	58
6061	65
6062	65
6063	64
6064	57
6065	65
6066	64
6067	71
6068	64
6069	55
6070	59
6071	61
6072	60
6073	60
6074	48
6075	66
6076	63
6077	66
6078	59
6079	59
6080	51
6081	53
6082	66
6083	57
6084	56
6085	63
6086	61
6087	60
6088	53
6089	56
6090	52
6091	61
6092	65
6093	52
6094	66
6095	54
6096	54
6097	59
6098	68
6099	63
6100	58
6101	53
6102	54
6103	58
6104	61
6105	61
6106	60
6107	57
6108	61
6109	62
6110	64
6111	62
6112	51
6113	64
6114	59
6115	61
6116	65
6117	73
6118	71
6119	61
6120	56
6121	51
6122	65
6123	68
6124	62
6125	60
6126	61
6127	55
6128	58
6129	68
6130	58
6131	60
6132	59
6133	65
6134	62
6135	61
6136	66
6137	60
6138	64
6139	62
6140	55
6141	62
6142	51
6143	65
6144	54
6145	61
6146	53
6147	50
6148	63
6149	57
6150	60
6151	59
6152	59
6153	53
6154	58
6155	62
6156	53
6157	57
6158	58
6159	64
6160	65
6161	64
6162	65
6163	59
6164	65
6165	69
6166	58
6167	60
6168	59
6169	66
6170	62
6171	59
6172	65
6173	65
6174	51
6175	59
6176	62
6177	65
6178	62
6179	62
6180	60
6181	51
6182	58
6183	62
6184	71
6185	47
6186	67
6187	65
6188	57
6189	58
6190	64
6191	67
6192	58
6193	67
6194	63
6195	48
6196	58
6197	65
6198	66
6199	61
6200	60
6201	69
6202	62
6203	60
6204	57
6205	65
6206	65
6207	61
6208	58
6209	59
6210	50
6211	60
6212	67
6213	54
6214	54
6215	58
6216	61
6217	58
6218	56
6219	61
6220	57
6221	61
6222	54
6223	65
6224	68
6225	61
6226	63
6227	59
6228	62
6229	65
6230	60
6231	72
6232	58
6233	58
6234	63
6235	59
6236	58
6237	56
6238	54
6239	55
6240	57
6241	57
6242	62
6243	56
6244	59
6245	69
6246	54
6247	57
6248	62
6249	65
6250	60
6251	55
6252	55
6253	55
6254	65
6255	65
6256	63
6257	65
6258	51
6259	68
6260	58
6261	59
6262	62
6263	61
6264	60
6265	63
6266	63
6267	61
6268	57
6269	56
6270	60
6271	68
6272	57
6273	60
6274	65
6275	55
6276	59
6277	59
6278	65
6279	68
6280	65
6281	62
6282	61
6283	66
6284	52
6285	61
6286	55
6287	56
6288	65
6289	64
6290	59
6291	64
6292	61
6293	61
6294	65
6295	67
6296	72
6297	66
6298	68
6299	55
6300	58
6301	66
6302	56
6303	56
6304	63
6305	62
6306	62
6307	65
6308	64
6309	52
6310	62
6311	57
6312	56
6313	59
6314	66
6315	69
6316	52
6317	57
6318	64
6319	63
6320	55
6321	65
6322	58
6323	56
6324	65
6325	66
6326	59
6327	55
6328	58
6329	66
6330	61
6331	54
6332	60
6333	64
6334	65
6335	49
6336	58
6337	66
6338	57
6339	59
6340	62
6341	59
6342	58
6343	54
6344	65
6345	60
6346	73
6347	59
6348	65
6349	71
6350	55
6351	56
6352	75
6353	73
6354	65
6355	64
6356	66
6357	58
6358	53
6359	56
6360	60
6361	61
6362	71
6363	64
6364	61
6365	62
6366	65
6367	70
6368	60
6369	59
6370	59
6371	62
6372	61
6373	56
6374	63
6375	62
6376	66
6377	59
6378	63
6379	63
6380	59
6381	64
6382	60
6383	60
6384	56
6385	56
6386	57
6387	64
6388	66
6389	66
6390	59
6391	57
6392	60
6393	67
6394	59
6395	58
6396	64
6397	60
6398	67
6399	62
6400	60
6401	59
6402	64
6403	61
6404	59
6405	70
6406	70
6407	53
6408	61
6409	60
6410	65
6411	56
6412	54
6413	62
6414	56
6415	65
6416	61
6417	51
6418	58
6419	59
6420	61
6421	65
6422	60
6423	60
6424	60
6425	65
6426	52
6427	45
6428	60
6429	50
6430	65
6431	59
6432	68
6433	59
6434	56
6435	65
6436	59
6437	58
6438	54
6439	61
6440	61
6441	54
6442	60
6443	57
6444	65
6445	67
6446	58
6447	65
6448	61
6449	65
6450	57
6451	55
6452	56
6453	66
6454	62
6455	61
6456	68
6457	62
6458	55
6459	64
6460	61
6461	61
6462	58
6463	60
6464	62
6465	69
6466	55
6467	64
6468	56
6469	55
6470	59
6471	56
6472	56
6473	57
6474	57
6475	59
6476	59
6477	63
6478	59
6479	62
6480	69
6481	72
6482	60
6483	52
6484	61
6485	67
6486	64
6487	57
6488	58
6489	61
6490	53
6491	60
6492	67
6493	56
6494	61
6495	64
6496	63
6497	56
6498	54
6499	49
6500	64
6501	64
6502	65
6503	58
6504	59
6505	65
6506	61
6507	56
6508	56
6509	60
6510	62
6511	60
6512	68
6513	54
6514	59
6515	64
6516	60
6517	65
6518	58
6519	70
6520	69
6521	62
6522	67
6523	51
6524	62
6525	59
6526	67
6527	49
6528	67
6529	57
6530	57
6531	62
6532	47
6533	61
6534	65
6535	68
6536	64
6537	62
6538	70
6539	58
6540	64
6541	61
6542	58
6543	55
6544	55
6545	56
6546	54
6547	60
6548	65
6549	71
6550	63
6551	62
6552	55
6553	58
6554	59
6555	62
6556	60
6557	58
6558	60
6559	67
6560	65
6561	58
6562	63
6563	55
6564	56
6565	58
6566	63
6567	60
6568	59
6569	60
6570	61
6571	59
6572	63
6573	70
6574	64
6575	57
6576	60
6577	61
6578	70
6579	59
6580	56
6581	63
6582	59
6583	61
6584	59
6585	56
6586	66
6587	54
6588	65
6589	64
6590	57
6591	61
6592	66
6593	65
6594	68
6595	62
6596	64
6597	61
6598	59
6599	54
6600	70
6601	61
6602	58
6603	63
6604	66
6605	61
6606	56
6607	61
6608	58
6609	59
6610	60
6611	65
6612	62
6613	61
6614	64
6615	50
6616	56
6617	65
6618	63
6619	66
6620	65
6621	58
6622	56
6623	58
6624	61
6625	56
6626	57
6627	66
6628	51
6629	66
6630	65
6631	54
6632	60
6633	56
6634	68
6635	59
6636	70
6637	59
6638	68
6639	60
6640	62
6641	65
6642	60
6643	63
6644	71
6645	57
6646	70
6647	55
6648	54
6649	66
6650	62
6651	71
6652	64
6653	60
6654	63
6655	59
6656	62
6657	59
6658	54
6659	69
6660	52
6661	65
6662	61
6663	61
6664	64
6665	66
6666	71
6667	67
6668	63
6669	51
6670	49
6671	63
6672	60
6673	61
6674	57
6675	59
6676	60
6677	60
6678	64
6679	60
6680	56
6681	55
6682	57
6683	57
6684	57
6685	56
6686	61
6687	59
6688	63
6689	54
6690	59
6691	65
6692	60
6693	59
6694	52
6695	58
6696	68
6697	66
6698	57
6699	57
6700	57
6701	69
6702	60
6703	56
6704	65
6705	57
6706	61
6707	56
6708	59
6709	60
6710	64
6711	55
6712	57
6713	55
6714	55
6715	56
6716	66
6717	64
6718	54
6719	53
6720	59
6721	61
6722	55
6723	61
6724	61
6725	67
6726	63
6727	69
6728	68
6729	63
6730	66
6731	58
6732	57
6733	61
6734	64
6735	50
6736	59
6737	64
6738	67
6739	57
6740	59
6741	63
6742	55
6743	68
6744	67
6745	61
6746	63
6747	57
6748	53
6749	58
6750	61
6751	49
6752	49
6753	62
6754	59
6755	75
6756	59
6757	58
6758	59
6759	52
6760	55
6761	63
6762	59
6763	60
6764	62
6765	61
6766	66
6767	58
6768	59
6769	59
6770	53
6771	62
6772	62
6773	57
6774	52
6775	53
6776	55
6777	55
6778	66
6779	64
6780	63
6781	64
6782	61
6783	62
6784	55
6785	58
6786	56
6787	53
6788	59
6789	68
6790	64
6791	61
6792	61
6793	62
6794	71
6795	56
6796	63
6797	61
6798	63
6799	56
6800	57
6801	55
6802	67
6803	54
6804	57
6805	63
6806	55
6807	63
6808	53
6809	60
6810	67
6811	62
6812	57
6813	59
6814	74
6815	62
6816	59
6817	55
6818	60
6819	57
6820	70
6821	55
6822	65
6823	59
6824	63
6825	65
6826	60
6827	54
6828	55
6829	60
6830	60
6831	67
6832	59
6833	60
6834	58
6835	55
6836	56
6837	68
6838	57
6839	57
6840	58
6841	59
6842	65
6843	54
6844	56
6845	66
6846	59
6847	64
6848	68
6849	55
6850	65
6851	59
6852	61
6853	66
6854	64
6855	58
6856	59
6857	60
6858	59
6859	62
6860	64
6861	56
6862	63
6863	58
6864	58
6865	65
6866	62
6867	60
6868	63
6869	65
6870	67
6871	64
6872	61
6873	67
6874	58
6875	56
6876	63
6877	61
6878	57
6879	67
6880	59
6881	66
6882	67
6883	58
6884	74
6885	59
6886	61
6887	59
6888	62
6889	60
6890	63
6891	58
6892	61
6893	59
6894	61
6895	63
6896	51
6897	67
6898	60
6899	66
6900	61
6901	59
6902	62
6903	62
6904	61
6905	58
6906	58
6907	56
6908	55
6909	59
6910	67
6911	63
6912	58
6913	57
6914	64
6915	61
6916	64
6917	54
6918	58
6919	67
6920	58
6921	62
6922	66
6923	65
6924	67
6925	55
6926	63
6927	65
6928	63
6929	61
6930	59
6931	68
6932	63
6933	59
6934	51
6935	56
6936	61
6937	62
6938	61
6939	54
6940	53
6941	58
6942	64
6943	60
6944	56
6945	58
6946	65
6947	52
6948	60
6949	62
6950	65
6951	53
6952	55
6953	52
6954	59
6955	68
6956	55
6957	61
6958	55
6959	61
6960	54
6961	66
6962	67
6963	58
6964	65
6965	67
6966	62
6967	59
6968	49
6969	57
6970	55
6971	59
6972	68
6973	62
6974	62
6975	64
6976	59
6977	54
6978	65
6979	65
6980	58
6981	62
6982	59
6983	60
6984	60
6985	60
6986	61
6987	60
6988	56
6989	58
6990	75
6991	69
6992	54
6993	58
6994	60
6995	58
6996	63
6997	61
6998	57
6999	63
7000	61
7001	56
7002	58
7003	49
7004	63
7005	62
7006	63
7007	58
7008	62
7009	57
7010	58
7011	59
7012	61
7013	61
7014	60
7015	58
7016	57
7017	61
7018	55
7019	56
7020	69
7021	57
7022	54
7023	55
7024	53
7025	60
7026	61
7027	66
7028	65
7029	54
7030	61
7031	63
7032	62
7033	63
7034	65
7035	57
7036	70
7037	59
7038	68
7039	65
7040	70
7041	54
7042	60
7043	70
7044	58
7045	55
7046	60
7047	60
7048	66
7049	59
7050	59
7051	63
7052	59
7053	61
7054	60
7055	61
7056	63
7057	57
7058	57
7059	66
7060	53
7061	65
7062	51
7063	63
7064	63
7065	55
7066	71
7067	63
7068	60
7069	56
7070	65
7071	58
7072	57
7073	67
7074	59
7075	55
7076	55
7077	61
7078	64
7079	61
7080	61
7081	55
7082	57
7083	58
7084	62
7085	65
7086	56
7087	56
7088	63
7089	53
7090	61
7091	62
7092	55
7093	59
7094	68
7095	62
7096	59
7097	64
7098	67
7099	61
7100	53
7101	60
7102	49
7103	55
7104	57
7105	57
7106	52
7107	59
7108	60
7109	69
7110	63
7111	64
7112	62
7113	62
7114	64
7115	60
7116	64
7117	69
7118	70
7119	68
7120	65
7121	58
7122	62
7123	60
7124	60
7125	57
7126	63
7127	64
7128	61
7129	62
7130	57
7131	49
7132	74
7133	62
7134	64
7135	59
7136	55
7137	71
7138	65
7139	65
7140	52
7141	56
7142	55
7143	59
7144	59
7145	64
7146	57
7147	50
7148	62
7149	63
7150	54
7151	60
7152	62
7153	61
7154	54
7155	59
7156	59
7157	66
7158	60
7159	63
7160	55
7161	58
7162	62
7163	61
7164	64
7165	70
7166	62
7167	66
7168	58
7169	72
7170	69
7171	66
7172	57
7173	61
7174	66
7175	59
7176	64
7177	63
7178	58
7179	55
7180	56
7181	63
7182	55
7183	65
7184	68
7185	60
7186	57
7187	65
7188	59
7189	62
7190	51
7191	58
7192	63
7193	71
7194	63
7195	68
7196	57
7197	68
7198	54
7199	60
7200	59
7201	59
7202	56
7203	53
7204	51
7205	70
7206	60
7207	66
7208	58
7209	59
7210	56
7211	67
7212	62
7213	56
7214	63
7215	59
7216	52
7217	63
7218	64
7219	65
7220	57
7221	64
7222	62
7223	57
7224	64
7225	72
7226	62
7227	63
7228	70
7229	57
7230	66
7231	68
7232	63
7233	61
7234	50
7235	64
7236	62
7237	59
7238	60
7239	59
7240	57
7241	61
7242	57
7243	59
7244	56
7245	68
7246	61
7247	59
7248	53
7249	67
7250	69
7251	50
7252	53
7253	63
7254	53
7255	61
7256	64
7257	60
7258	66
7259	61
7260	65
7261	57
7262	65
7263	64
7264	59
7265	60
7266	55
7267	59
7268	63
7269	55
7270	56
7271	55
7272	67
7273	61
7274	60
7275	55
7276	63
7277	61
7278	62
7279	58
7280	61
7281	53
7282	55
7283	59
7284	60
7285	62
7286	59
7287	62
7288	68
7289	63
7290	63
7291	57
7292	62
7293	62
7294	59
7295	61
7296	59
7297	60
7298	64
7299	60
7300	58
7301	56
7302	59
7303	58
7304	57
7305	68
7306	63
7307	50
7308	61
7309	59
7310	57
7311	57
7312	57
7313	60
7314	55
7315	62
7316	65
7317	53
7318	57
7319	55
7320	52
7321	58
7322	58
7323	60
7324	63
7325	57
7326	66
7327	72
7328	60
7329	65
7330	66
7331	63
7332	60
7333	68
7334	55
7335	67
7336	50
7337	62
7338	60
7339	54
7340	52
7341	58
7342	62
7343	61
7344	59
7345	61
7346	60
7347	64
7348	60
7349	58
7350	55
7351	65
7352	63
7353	58
7354	61
7355	63
7356	50
7357	59
7358	64
7359	61
7360	67
7361	67
7362	54
7363	59
7364	64
7365	63
7366	68
7367	61
7368	61
7369	71
7370	67
7371	66
7372	53
7373	70
7374	51
7375	67
7376	60
7377	73
7378	67
7379	65
7380	62
7381	58
7382	50
7383	64
7384	60
7385	56
7386	54
7387	46
7388	64
7389	62
7390	51
7391	62
7392	48
7393	66
7394	64
7395	57
7396	54
7397	50
7398	62
7399	57
7400	63
7401	60
7402	58
7403	58
7404	55
7405	57
7406	55
7407	63
7408	65
7409	62
7410	52
7411	69
7412	60
7413	63
7414	69
7415	63
7416	56
7417	67
7418	58
7419	60
7420	55
7421	57
7422	66
7423	66
7424	71
7425	59
7426	69
7427	60
7428	55
7429	62
7430	61
7431	63
7432	62
7433	58
7434	61
7435	57
7436	61
7437	58
7438	55
7439	66
7440	65
7441	51
7442	59
7443	73
7444	61
7445	61
7446	62
7447	62
7448	61
7449	69
7450	68
7451	55
7452	60
7453	69
7454	63
7455	66
7456	52
7457	71
7458	61
7459	61
7460	64
7461	54
7462	64
7463	53
7464	59
7465	53
7466	60
7467	56
7468	56
7469	51
7470	53
7471	63
7472	64
7473	59
7474	61
7475	63
7476	69
7477	56
7478	62
7479	58
7480	56
7481	62
7482	65
7483	62
7484	56
7485	64
7486	62
7487	55
7488	52
7489	53
7490	64
7491	56
7492	69
7493	61
7494	70
7495	64
7496	62
7497	61
7498	65
7499	66
7500	65
7501	62
7502	63
7503	67
7504	56
7505	72
7506	59
7507	61
7508	56
7509	57
7510	61
7511	60
7512	58
7513	65
7514	62
7515	56
7516	60
7517	70
7518	60
7519	54
7520	64
7521	61
7522	65
7523	55
7524	54
7525	65
7526	51
7527	63
7528	56
7529	69
7530	56
7531	65
7532	65
7533	60
7534	62
7535	59
7536	57
7537	60
7538	54
7539	63
7540	60
7541	64
7542	59
7543	62
7544	61
7545	70
7546	59
7547	52
7548	62
7549	59
7550	54
7551	59
7552	68
7553	65
7554	64
7555	65
7556	61
7557	56
7558	67
7559	48
7560	53
7561	65
7562	57
7563	54
7564	54
7565	57
7566	61
7567	55
7568	56
7569	66
7570	64
7571	76
7572	61
7573	63
7574	53
7575	60
7576	59
7577	63
7578	56
7579	65
7580	58
7581	65
7582	56
7583	53
7584	53
7585	63
7586	58
7587	62
7588	59
7589	56
7590	58
7591	57
7592	68
7593	65
7594	65
7595	50
7596	64
7597	50
7598	66
7599	56
7600	60
7601	56
7602	64
7603	55
7604	63
7605	67
7606	65
7607	62
7608	55
7609	67
7610	62
7611	51
7612	61
7613	64
7614	58
7615	59
7616	53
7617	63
7618	71
7619	59
7620	63
7621	57
7622	55
7623	58
7624	66
7625	62
7626	56
7627	64
7628	55
7629	62
7630	57
7631	60
7632	53
7633	55
7634	60
7635	54
7636	64
7637	67
7638	61
7639	60
7640	66
7641	63
7642	72
7643	54
7644	65
7645	61
7646	64
7647	61
7648	66
7649	67
7650	66
7651	58
7652	60
7653	55
7654	54
7655	61
7656	57
7657	48
7658	64
7659	64
7660	62
7661	62
7662	63
7663	62
7664	63
7665	63
7666	57
7667	65
7668	61
7669	56
7670	65
7671	53
7672	58
7673	52
7674	53
7675	51
7676	61
7677	65
7678	65
7679	57
7680	69
7681	61
7682	57
7683	55
7684	70
7685	63
7686	58
7687	65
7688	63
7689	65
7690	69
7691	54
7692	58
7693	70
7694	59
7695	56
7696	52
7697	61
7698	55
7699	56
7700	59
7701	55
7702	64
7703	54
7704	58
7705	65
7706	65
7707	62
7708	54
7709	62
7710	65
7711	52
7712	58
7713	56
7714	61
7715	62
7716	62
7717	59
7718	59
7719	64
7720	63
7721	62
7722	74
7723	56
7724	58
7725	52
7726	68
7727	60
7728	60
7729	64
7730	56
7731	65
7732	63
7733	61
7734	64
7735	60
7736	57
7737	51
7738	70
7739	58
7740	57
7741	61
7742	68
7743	59
7744	52
7745	57
7746	73
7747	54
7748	58
7749	58
7750	64
7751	69
7752	62
7753	60
7754	69
7755	56
7756	43
7757	62
7758	65
7759	61
7760	65
7761	65
7762	56
7763	62
7764	68
7765	60
7766	59
7767	53
7768	60
7769	61
7770	71
7771	57
7772	63
7773	68
7774	51
7775	52
7776	60
7777	62
7778	55
7779	66
7780	66
7781	68
7782	61
7783	58
7784	60
7785	60
7786	64
7787	67
7788	60
7789	60
7790	50
7791	59
7792	57
7793	63
7794	67
7795	62
7796	61
7797	59
7798	69
7799	56
7800	65
7801	72
7802	62
7803	67
7804	54
7805	60
7806	60
7807	62
7808	58
7809	69
7810	64
7811	66
7812	61
7813	59
7814	56
7815	63
7816	50
7817	54
7818	56
7819	50
7820	54
7821	63
7822	61
7823	57
7824	67
7825	66
7826	72
7827	66
7828	75
7829	57
7830	54
7831	71
7832	60
7833	64
7834	53
7835	61
7836	55
7837	56
7838	59
7839	58
7840	59
7841	56
7842	60
7843	56
7844	57
7845	62
7846	65
7847	64
7848	61
7849	63
7850	64
7851	62
7852	57
7853	50
7854	54
7855	58
7856	59
7857	63
7858	65
7859	63
7860	62
7861	52
7862	52
7863	61
7864	59
7865	61
7866	57
7867	59
7868	66
7869	61
7870	59
7871	54
7872	53
7873	59
7874	65
7875	55
7876	69
7877	58
7878	67
7879	67
7880	59
7881	66
7882	50
7883	58
7884	63
7885	63
7886	56
7887	64
7888	59
7889	53
7890	57
7891	55
7892	54
7893	61
7894	61
7895	60
7896	60
7897	63
7898	62
7899	60
7900	63
7901	49
7902	52
7903	65
7904	59
7905	56
7906	62
7907	62
7908	64
7909	53
7910	61
7911	55
7912	59
7913	58
7914	67
7915	60
7916	66
7917	64
7918	60
7919	65
7920	58
7921	60
7922	64
7923	59
7924	53
7925	58
7926	57
7927	64
7928	57
7929	69
7930	66
7931	59
7932	58
7933	57
7934	59
7935	62
7936	55
7937	58
7938	62
7939	60
7940	55
7941	66
7942	55
7943	60
7944	50
7945	65
7946	58
7947	65
7948	57
7949	54
7950	62
7951	62
7952	58
7953	63
7954	67
7955	56
7956	70
7957	61
7958	62
7959	59
7960	58
7961	59
7962	71
7963	60
7964	52
7965	64
7966	64
7967	57
7968	56
7969	61
7970	56
7971	61
7972	57
7973	52
7974	61
7975	58
7976	62
7977	54
7978	48
7979	52
7980	62
7981	53
7982	64
7983	57
7984	58
7985	59
7986	67
7987	64
7988	59
7989	61
7990	64
7991	68
7992	57
7993	62
7994	53
7995	63
7996	67
7997	57
7998	60
7999	69
8000	60
8001	58
8002	64
8003	65
8004	60
8005	64
8006	61
8007	66
8008	61
8009	62
8010	64
8011	60
8012	51
8013	56
8014	60
8015	66
8016	69
8017	67
8018	54
8019	68
8020	58
8021	67
8022	61
8023	63
8024	59
8025	58
8026	64
8027	67
8028	63
8029	61
8030	61
8031	53
8032	60
8033	56
8034	65
8035	60
8036	63
8037	62
8038	64
8039	62
8040	68
8041	59
8042	58
8043	66
8044	64
8045	59
8046	68
8047	56
8048	60
8049	56
8050	54
8051	59
8052	56
8053	55
8054	57
8055	61
8056	71
8057	58
8058	64
8059	56
8060	68
8061	58
8062	62
8063	59
8064	59
8065	65
8066	62
8067	64
8068	55
8069	64
8070	57
8071	66
8072	69
8073	58
8074	59
8075	66
8076	58
8077	60
8078	61
8079	64
8080	61
8081	63
8082	57
8083	56
8084	56
8085	63
8086	62
8087	60
8088	61
8089	62
8090	50
8091	66
8092	60
8093	64
8094	62
8095	73
8096	57
8097	57
8098	57
8099	64
8100	62
8101	57
8102	60
8103	64
8104	56
8105	55
8106	62
8107	58
8108	48
8109	52
8110	67
8111	56
8112	64
8113	60
8114	51
8115	65
8116	59
8117	59
8118	50
8119	56
8120	58
8121	57
8122	66
8123	61
8124	67
8125	63
8126	53
8127	62
8128	69
8129	57
8130	58
8131	58
8132	55
8133	49
8134	57
8135	53
8136	67
8137	64
8138	58
8139	70
8140	58
8141	62
8142	54
8143	62
8144	63
8145	65
8146	60
8147	61
8148	53
8149	68
8150	57
8151	52
8152	57
8153	56
8154	64
8155	66
8156	58
8157	66
8158	59
8159	64
8160	60
8161	62
8162	66
8163	62
8164	53
8165	48
8166	62
8167	60
8168	69
8169	63
8170	58
8171	57
8172	60
8173	57
8174	59
8175	79
8176	66
8177	62
8178	49
8179	65
8180	58
8181	64
8182	67
8183	64
8184	60
8185	55
8186	57
8187	68
8188	58
8189	60
8190	57
8191	56
8192	58
8193	64
8194	59
8195	67
8196	57
8197	67
8198	55
8199	66
8200	67
8201	61
8202	62
8203	60
8204	62
8205	62
8206	61
8207	60
8208	53
8209	58
8210	66
8211	60
8212	54
8213	68
8214	64
8215	58
8216	60
8217	63
8218	51
8219	66
8220	59
8221	58
8222	62
8223	61
8224	55
8225	64
8226	63
8227	55
8228	49
8229	54
8230	68
8231	63
8232	70
8233	58
8234	64
8235	65
8236	61
8237	57
8238	64
8239	65
8240	56
8241	60
8242	66
8243	68
8244	68
8245	63
8246	56
8247	61
8248	62
8249	59
8250	54
8251	65
8252	67
8253	56
8254	62
8255	59
8256	57
8257	55
8258	61
8259	58
8260	62
8261	66
8262	71
8263	50
8264	51
8265	69
8266	61
8267	59
8268	61
8269	58
8270	61
8271	59
8272	60
8273	76
8274	65
8275	62
8276	52
8277	63
8278	54
8279	60
8280	66
8281	63
8282	53
8283	69
8284	59
8285	62
8286	61
8287	55
8288	62
8289	58
8290	58
8291	64
8292	61
8293	61
8294	62
8295	63
8296	66
8297	58
8298	58
8299	58
8300	56
8301	68
8302	62
8303	64
8304	67
8305	64
8306	60
8307	69
8308	57
8309	54
8310	65
8311	58
8312	58
8313	60
8314	64
8315	65
8316	67
8317	57
8318	49
8319	57
8320	67
8321	65
8322	62
8323	64
8324	63
8325	63
8326	59
8327	64
8328	64
8329	54
8330	61
8331	61
8332	49
8333	57
8334	56
8335	54
8336	61
8337	57
8338	61
8339	56
8340	57
8341	60
8342	54
8343	64
8344	65
8345	65
8346	52
8347	55
8348	65
8349	68
8350	62
8351	59
8352	53
8353	57
8354	59
8355	58
8356	61
8357	59
8358	62
8359	62
8360	69
8361	57
8362	60
8363	61
8364	64
8365	57
8366	60
8367	57
8368	64
8369	54
8370	60
8371	63
8372	63
8373	71
8374	55
8375	67
8376	59
8377	56
8378	59
8379	60
8380	60
8381	53
8382	61
8383	64
8384	54
8385	56
8386	65
8387	55
8388	58
8389	63
8390	68
8391	60
8392	60
8393	66
8394	55
8395	68
8396	48
8397	64
8398	60
8399	60
8400	73
8401	61
8402	55
8403	57
8404	56
8405	67
8406	67
8407	58
8408	57
8409	66
8410	63
8411	57
8412	65
8413	62
8414	54
8415	61
8416	56
8417	63
8418	64
8419	58
8420	58
8421	53
8422	64
8423	58
8424	70
8425	49
8426	60
8427	55
8428	65
8429	55
8430	61
8431	64
8432	57
8433	66
8434	51
8435	61
8436	49
8437	57
8438	65
8439	70
8440	58
8441	69
8442	61
8443	57
8444	60
8445	62
8446	65
8447	67
8448	67
8449	56
8450	61
8451	61
8452	59
8453	62
8454	54
8455	61
8456	55
8457	60
8458	64
8459	59
8460	61
8461	56
8462	61
8463	64
8464	64
8465	56
8466	55
8467	51
8468	60
8469	62
8470	61
8471	63
8472	56
8473	60
8474	65
8475	64
8476	66
8477	60
8478	58
8479	72
8480	61
8481	58
8482	60
8483	66
8484	56
8485	64
8486	54
8487	61
8488	60
8489	65
8490	62
8491	65
8492	56
8493	61
8494	54
8495	59
8496	59
8497	68
8498	62
8499	67
8500	57
8501	57
8502	56
8503	65
8504	63
8505	55
8506	56
8507	61
8508	69
8509	61
8510	58
8511	62
8512	62
8513	65
8514	56
8515	57
8516	52
8517	61
8518	58
8519	58
8520	59
8521	62
8522	63
8523	54
8524	66
8525	62
8526	63
8527	57
8528	62
8529	64
8530	59
8531	52
8532	60
8533	58
8534	64
8535	63
8536	64
8537	62
8538	62
8539	57
8540	62
8541	56
8542	61
8543	56
8544	60
8545	61
8546	65
8547	56
8548	56
8549	59
8550	59
8551	54
8552	62
8553	63
8554	64
8555	69
8556	62
8557	62
8558	66
8559	57
8560	61
8561	63
8562	66
8563	59
8564	61
8565	63
8566	55
8567	58
8568	56
8569	62
8570	57
8571	69
8572	59
8573	54
8574	65
8575	54
8576	61
8577	65
8578	59
8579	62
8580	58
8581	53
8582	67
8583	73
8584	64
8585	72
8586	66
8587	57
8588	57
8589	50
8590	60
8591	54
8592	52
8593	62
8594	59
8595	70
8596	54
8597	58
8598	60
8599	63
8600	59
8601	54
8602	58
8603	61
8604	58
8605	63
8606	60
8607	55
8608	72
8609	56
8610	54
8611	73
8612	62
8613	54
8614	57
8615	55
8616	61
8617	53
8618	64
8619	70
8620	65
8621	64
8622	65
8623	62
8624	63
8625	62
8626	67
8627	65
8628	64
8629	62
8630	71
8631	63
8632	62
8633	60
8634	69
8635	62
8636	60
8637	67
8638	63
8639	53
8640	56
8641	65
8642	61
8643	57
8644	56
8645	62
8646	68
8647	58
8648	59
8649	55
8650	63
8651	63
8652	54
8653	59
8654	63
8655	67
8656	66
8657	71
8658	56
8659	56
8660	54
8661	64
8662	70
8663	68
8664	57
8665	58
8666	68
8667	57
8668	64
8669	56
8670	60
8671	67
8672	64
8673	63
8674	54
8675	71
8676	65
8677	56
8678	59
8679	59
8680	55
8681	58
8682	58
8683	57
8684	51
8685	53
8686	64
8687	55
8688	60
8689	62
8690	59
8691	58
8692	73
8693	56
8694	64
8695	61
8696	59
8697	63
8698	59
8699	59
8700	67
8701	61
8702	59
8703	54
8704	61
8705	64
8706	60
8707	63
8708	70
8709	64
8710	61
8711	63
8712	76
8713	61
8714	60
8715	58
8716	61
8717	58
8718	67
8719	73
8720	54
8721	63
8722	58
8723	64
8724	48
8725	59
8726	63
8727	59
8728	61
8729	65
8730	59
8731	63
8732	68
8733	56
8734	60
8735	60
8736	69
8737	62
8738	60
8739	57
8740	59
8741	56
8742	63
8743	59
8744	65
8745	60
8746	57
8747	60
8748	55
8749	55
8750	63
8751	60
8752	58
8753	65
8754	58
8755	55
8756	65
8757	59
8758	63
8759	57
8760	60
8761	59
8762	52
8763	57
8764	62
8765	61
8766	61
8767	64
8768	59
8769	65
8770	66
8771	60
8772	55
8773	65
8774	53
8775	63
8776	60
8777	56
8778	61
8779	62
8780	64
8781	61
8782	55
8783	48
8784	63
8785	61
8786	58
8787	65
8788	57
8789	70
8790	61
8791	56
8792	67
8793	59
8794	66
8795	66
8796	66
8797	58
8798	58
8799	59
8800	65
8801	53
8802	57
8803	47
8804	55
8805	52
8806	59
8807	61
8808	67
8809	60
8810	55
8811	56
8812	64
8813	69
8814	64
8815	53
8816	62
8817	54
8818	64
8819	57
8820	58
8821	63
8822	64
8823	59
8824	73
8825	57
8826	58
8827	70
8828	59
8829	61
8830	63
8831	64
8832	68
8833	52
8834	58
8835	56
8836	56
8837	63
8838	59
8839	70
8840	47
8841	65
8842	68
8843	54
8844	66
8845	61
8846	63
8847	59
8848	57
8849	66
8850	61
8851	65
8852	52
8853	54
8854	63
8855	63
8856	51
8857	69
8858	57
8859	64
8860	62
8861	70
8862	57
8863	52
8864	59
8865	58
8866	58
8867	69
8868	70
8869	59
8870	61
8871	63
8872	56
8873	56
8874	64
8875	57
8876	60
8877	58
8878	52
8879	59
8880	59
8881	55
8882	62
8883	61
8884	54
8885	67
8886	63
8887	62
8888	62
8889	67
8890	62
8891	63
8892	61
8893	67
8894	63
8895	58
8896	63
8897	58
8898	61
8899	60
8900	57
8901	64
8902	63
8903	50
8904	68
8905	62
8906	67
8907	61
8908	64
8909	63
8910	66
8911	60
8912	55
8913	64
8914	58
8915	64
8916	62
8917	60
8918	63
8919	64
8920	61
8921	60
8922	51
8923	68
8924	66
8925	51
8926	56
8927	59
8928	58
8929	55
8930	58
8931	62
8932	62
8933	59
8934	59
8935	62
8936	63
8937	62
8938	57
8939	64
8940	61
8941	62
8942	60
8943	62
8944	68
8945	69
8946	62
8947	67
8948	65
8949	52
8950	63
8951	54
8952	65
8953	64
8954	56
8955	62
8956	55
8957	56
8958	66
8959	62
8960	63
8961	61
8962	64
8963	53
8964	60
8965	54
8966	57
8967	60
8968	65
8969	59
8970	60
8971	63
8972	60
8973	63
8974	48
8975	58
8976	51
8977	61
8978	56
8979	58
8980	57
8981	65
8982	60
8983	67
8984	61
8985	52
8986	64
8987	57
8988	56
8989	58
8990	62
8991	56
8992	63
8993	61
8994	68
8995	57
8996	57
8997	60
8998	53
8999	66
9000	57
9001	52
9002	54
9003	57
9004	58
9005	61
9006	55
9007	60
9008	65
9009	58
9010	67
9011	67
9012	64
9013	66
9014	60
9015	64
9016	48
9017	62
9018	65
9019	52
9020	70
9021	61
9022	60
9023	66
9024	59
9025	66
9026	60
9027	60
9028	59
9029	58
9030	55
9031	52
9032	68
9033	61
9034	65
9035	68
9036	60
9037	51
9038	63
9039	58
9040	65
9041	65
9042	61
9043	58
9044	62
9045	63
9046	65
9047	56
9048	66
9049	59
9050	65
9051	67
9052	68
9053	68
9054	60
9055	59
9056	55
9057	61
9058	60
9059	58
9060	61
9061	60
9062	59
9063	52
9064	66
9065	66
9066	60
9067	62
9068	61
9069	58
9070	66
9071	56
9072	63
9073	67
9074	61
9075	60
9076	68
9077	57
9078	70
9079	67
9080	67
9081	69
9082	70
9083	60
9084	62
9085	56
9086	56
9087	60
9088	53
9089	62
9090	57
9091	62
9092	63
9093	58
9094	65
9095	58
9096	68
9097	68
9098	59
9099	64
9100	55
9101	67
9102	78
9103	55
9104	57
9105	51
9106	65
9107	62
9108	60
9109	61
9110	61
9111	63
9112	58
9113	66
9114	57
9115	67
9116	58
9117	54
9118	55
9119	63
9120	67
9121	59
9122	64
9123	60
9124	53
9125	66
9126	57
9127	56
9128	61
9129	64
9130	58
9131	68
9132	63
9133	61
9134	62
9135	53
9136	62
9137	52
9138	52
9139	66
9140	51
9141	60
9142	65
9143	51
9144	60
9145	56
9146	63
9147	65
9148	49
9149	62
9150	51
9151	53
9152	68
9153	63
9154	59
9155	61
9156	60
9157	64
9158	60
9159	60
9160	59
9161	59
9162	61
9163	62
9164	62
9165	55
9166	63
9167	69
9168	61
9169	63
9170	57
9171	62
9172	71
9173	56
9174	67
9175	68
9176	59
9177	55
9178	59
9179	51
9180	57
9181	62
9182	61
9183	61
9184	54
9185	53
9186	61
9187	60
9188	55
9189	67
9190	56
9191	59
9192	62
9193	53
9194	65
9195	64
9196	65
9197	58
9198	57
9199	62
9200	67
9201	62
9202	51
9203	61
9204	57
9205	61
9206	58
9207	54
9208	64
9209	59
9210	63
9211	58
9212	57
9213	59
9214	62
9215	57
9216	61
9217	63
9218	58
9219	64
9220	61
9221	57
9222	65
9223	63
9224	63
9225	58
9226	62
9227	61
9228	67
9229	65
9230	59
9231	52
9232	55
9233	57
9234	54
9235	56
9236	67
9237	59
9238	51
9239	55
9240	67
9241	50
9242	66
9243	57
9244	58
9245	66
9246	57
9247	55
9248	52
9249	58
9250	64
9251	56
9252	58
9253	69
9254	58
9255	73
9256	57
9257	55
9258	61
9259	57
9260	66
9261	55
9262	56
9263	64
9264	62
9265	58
9266	59
9267	61
9268	57
9269	64
9270	53
9271	56
9272	66
9273	54
9274	65
9275	62
9276	57
9277	60
9278	64
9279	53
9280	68
9281	64
9282	62
9283	61
9284	60
9285	62
9286	59
9287	59
9288	51
9289	56
9290	63
9291	64
9292	53
9293	63
9294	60
9295	62
9296	62
9297	57
9298	60
9299	60
9300	54
9301	63
9302	56
9303	57
9304	65
9305	64
9306	57
9307	65
9308	63
9309	57
9310	55
9311	56
9312	59
9313	61
9314	58
9315	61
9316	63
9317	68
9318	69
9319	66
9320	70
9321	59
9322	59
9323	67
9324	54
9325	53
9326	65
9327	62
9328	58
9329	55
9330	58
9331	61
9332	61
9333	66
9334	71
9335	57
9336	59
9337	63
9338	53
9339	62
9340	70
9341	62
9342	59
9343	62
9344	61
9345	65
9346	67
9347	55
9348	64
9349	69
9350	60
9351	66
9352	61
9353	52
9354	64
9355	61
9356	57
9357	62
9358	64
9359	67
9360	67
9361	65
9362	60
9363	69
9364	57
9365	56
9366	52
9367	52
9368	55
9369	51
9370	57
9371	53
9372	63
9373	54
9374	68
9375	60
9376	58
9377	57
9378	48
9379	61
9380	60
9381	65
9382	53
9383	59
9384	72
9385	53
9386	57
9387	59
9388	73
9389	61
9390	66
9391	58
9392	66
9393	56
9394	68
9395	66
9396	62
9397	62
9398	63
9399	62
9400	62
9401	57
9402	52
9403	64
9404	62
9405	64
9406	53
9407	55
9408	64
9409	58
9410	52
9411	58
9412	54
9413	72
9414	54
9415	63
9416	64
9417	72
9418	67
9419	66
9420	58
9421	52
9422	57
9423	58
9424	54
9425	61
9426	59
9427	54
9428	59
9429	59
9430	60
9431	59
9432	56
9433	64
9434	64
9435	61
9436	67
9437	64
9438	60
9439	62
9440	73
9441	63
9442	66
9443	56
9444	53
9445	62
9446	60
9447	57
9448	58
9449	58
9450	59
9451	66
9452	61
9453	65
9454	62
9455	61
9456	73
9457	53
9458	65
9459	58
9460	62
9461	68
9462	57
9463	68
9464	60
9465	52
9466	57
9467	64
9468	60
9469	56
9470	67
9471	66
9472	72
9473	62
9474	56
9475	59
9476	64
9477	59
9478	58
9479	65
9480	62
9481	59
9482	58
9483	67
9484	65
9485	54
9486	61
9487	58
9488	55
9489	56
9490	63
9491	59
9492	58
9493	64
9494	58
9495	60
9496	56
9497	55
9498	54
9499	60
9500	70
9501	68
9502	63
9503	57
9504	63
9505	70
9506	56
9507	51
9508	61
9509	54
9510	56
9511	63
9512	55
9513	60
9514	63
9515	58
9516	58
9517	60
9518	56
9519	59
9520	55
9521	54
9522	56
9523	60
9524	63
9525	62
9526	62
9527	54
9528	70
9529	64
9530	60
9531	56
9532	53
9533	62
9534	58
9535	66
9536	48
9537	54
9538	66
9539	52
9540	59
9541	64
9542	63
9543	51
9544	65
9545	60
9546	64
9547	63
9548	49
9549	64
9550	58
9551	63
9552	58
9553	63
9554	65
9555	66
9556	61
9557	62
9558	56
9559	54
9560	66
9561	58
9562	56
9563	59
9564	54
9565	64
9566	61
9567	50
9568	59
9569	62
9570	63
9571	56
9572	67
9573	66
9574	63
9575	59
9576	62
9577	63
9578	69
9579	74
9580	55
9581	67
9582	62
9583	63
9584	55
9585	44
9586	59
9587	57
9588	57
9589	61
9590	59
9591	58
9592	61
9593	60
9594	58
9595	53
9596	59
9597	56
9598	60
9599	68
9600	57
9601	61
9602	60
9603	58
9604	66
9605	64
9606	66
9607	55
9608	60
9609	59
9610	56
9611	68
9612	66
9613	64
9614	64
9615	62
9616	58
9617	64
9618	67
9619	61
9620	61
9621	53
9622	59
9623	68
9624	54
9625	59
9626	55
9627	66
9628	58
9629	53
9630	49
9631	58
9632	54
9633	59
9634	63
9635	59
9636	59
9637	59
9638	59
9639	69
9640	61
9641	56
9642	57
9643	62
9644	56
9645	61
9646	63
9647	69
9648	65
9649	60
9650	65
9651	64
9652	61
9653	60
9654	61
9655	59
9656	56
9657	60
9658	66
9659	50
9660	63
9661	60
9662	58
9663	51
9664	55
9665	53
9666	66
9667	60
9668	61
9669	62
9670	57
9671	67
9672	60
9673	63
9674	59
9675	57
9676	62
9677	63
9678	56
9679	55
9680	66
9681	54
9682	62
9683	65
9684	68
9685	61
9686	63
9687	74
9688	70
9689	54
9690	68
9691	70
9692	61
9693	58
9694	55
9695	56
9696	65
9697	58
9698	58
9699	59
9700	67
9701	64
9702	61
9703	57
9704	63
9705	49
9706	63
9707	65
9708	64
9709	53
9710	62
9711	76
9712	66
9713	55
9714	57
9715	67
9716	64
9717	54
9718	68
9719	57
9720	68
9721	55
9722	70
9723	68
9724	66
9725	51
9726	55
9727	63
9728	64
9729	53
9730	58
9731	63
9732	68
9733	65
9734	66
9735	56
9736	60
9737	64
9738	60
9739	60
9740	61
9741	59
9742	53
9743	54
9744	57
9745	67
9746	54
9747	55
9748	60
9749	59
9750	56
9751	63
9752	64
9753	61
9754	55
9755	54
9756	63
9757	62
9758	68
9759	63
9760	56
9761	62
9762	67
9763	57
9764	62
9765	68
9766	55
9767	65
9768	58
9769	65
9770	66
9771	60
9772	69
9773	60
9774	61
9775	60
9776	58
9777	68
9778	66
9779	71
9780	48
9781	63
9782	60
9783	59
9784	64
9785	61
9786	58
9787	71
9788	60
9789	57
9790	63
9791	60
9792	62
9793	60
9794	65
9795	56
9796	56
9797	58
9798	58
9799	56
9800	57
9801	61
9802	58
9803	65
9804	56
9805	53
9806	66
9807	59
9808	67
9809	57
9810	53
9811	60
9812	58
9813	54
9814	68
9815	56
9816	59
9817	59
9818	66
9819	67
9820	67
9821	51
9822	60
9823	52
9824	57
9825	69
9826	58
9827	65
9828	55
9829	56
9830	63
9831	60
9832	55
9833	67
9834	64
9835	60
9836	65
9837	64
9838	52
9839	57
9840	57
9841	59
9842	54
9843	56
9844	57
9845	55
9846	67
9847	72
9848	53
9849	61
9850	53
9851	69
9852	65
9853	57
9854	58
9855	59
9856	59
9857	69
9858	53
9859	61
9860	57
9861	63
9862	60
9863	58
9864	61
9865	54
9866	61
9867	63
9868	64
9869	62
9870	60
9871	62
9872	70
9873	69
9874	53
9875	58
9876	61
9877	61
9878	57
9879	59
9880	61
9881	63
9882	61
9883	57
9884	63
9885	71
9886	57
9887	64
9888	58
9889	56
9890	66
9891	57
9892	63
9893	57
9894	56
9895	46
9896	62
9897	61
9898	57
9899	61
9900	60
9901	64
9902	57
9903	59
9904	66
9905	61
9906	63
9907	60
9908	71
9909	55
9910	60
9911	61
9912	68
9913	60
9914	66
9915	62
9916	61
9917	63
9918	65
9919	52
9920	70
9921	63
9922	62
9923	63
9924	59
9925	67
9926	58
9927	66
9928	64
9929	66
9930	48
9931	64
9932	61
9933	57
9934	65
9935	55
9936	54
9937	60
9938	66
9939	61
9940	61
9941	63
9942	60
9943	55
9944	59
9945	54
9946	72
9947	60
9948	64
9949	73
9950	66
9951	65
9952	54
9953	66
9954	59
9955	66
9956	67
9957	58
9958	65
9959	55
9960	65
9961	61
9962	53
9963	65
9964	71
9965	63
9966	59
9967	59
9968	65
9969	50
9970	61
9971	64
9972	67
9973	60
9974	66
9975	65
9976	62
9977	63
9978	69
9979	70
9980	61
9981	62
9982	57
9983	60
9984	63
9985	71
9986	67
9987	64
9988	70
9989	71
9990	55
9991	57
9992	64
9993	69
9994	56
9995	55
9996	55
9997	65
9998	61
9999	60
