0	48
1	57
2	54
3	60
4	53
5	54
6	55
7	49
8	51
9	53
10	52
11	51
12	54
13	58
14	44
15	54
16	45
17	53
18	57
19	42
20	51
21	55
22	46
23	55
24	58
25	46
26	54
27	52
28	51
29	39
30	47
31	50
32	53
33	39
34	54
35	45
36	57
37	52
38	58
39	50
40	56
41	58
42	45
43	59
44	48
45	52
46	54
47	47
48	58
49	58
50	53
51	45
52	48
53	49
54	39
55	53
56	50
57	46
58	57
59	47
60	53
61	47
62	58
63	59
64	47
65	56
66	48
67	50
68	60
69	50
70	53
71	57
72	52
73	63
74	49
75	53
76	55
77	44
78	54
79	44
80	46
81	54
82	46
83	48
84	54
85	44
86	51
87	61
88	53
89	44
90	56
91	46
92	45
93	49
94	51
95	55
96	56
97	55
98	48
99	52
100	52
101	51
102	51
103	44
104	58
105	56
106	51
107	52
108	49
109	50
110	54
111	52
112	56
113	54
114	48
115	52
116	56
117	41
118	48
119	54
120	47
121	53
122	52
123	54
124	53
125	56
126	51
127	43
128	53
129	53
130	54
131	69
132	59
133	52
134	45
135	41
136	52
137	51
138	54
139	40
140	44
141	58
142	59
143	58
144	48
145	52
146	57
147	57
148	57
149	40
150	47
151	50
152	55
153	50
154	42
155	46
156	53
157	47
158	51
159	45
160	45
161	51
162	54
163	55
164	52
165	50
166	50
167	55
168	60
169	46
170	48
171	46
172	51
173	57
174	53
175	51
176	53
177	56
178	57
179	53
180	52
181	45
182	43
183	47
184	44
185	45
186	55
187	49
188	51
189	42
190	53
191	52
192	50
193	47
194	57
195	51
196	51
197	43
198	51
199	44
200	49
201	58
202	50
203	36
204	53
205	49
206	47
207	54
208	51
209	50
210	54
211	55
212	39
213	45
214	50
215	51
216	54
217	43
218	55
219	53
220	51
221	46
222	58
223	51
224	56
225	47
226	56
227	44
228	50
229	54
230	49
231	55
232	48
233	57
234	54
235	42
236	52
237	57
238	53
239	52
240	49
241	37
242	49
243	54
244	53
245	50
246	49
247	50
248	50
249	49
250	54
251	48
252	54
253	56
254	51
255	48
256	44
257	54
258	50
259	47
260	54
261	52
262	51
263	40
264	47
265	47
266	51
267	51
268	50
269	58
270	52
271	43
272	49
273	52
274	49
275	46
276	49
277	50
278	42
279	44
280	39
281	56
282	47
283	49
284	64
285	47
286	54
287	62
288	46
289	56
290	42
291	53
292	50
293	51
294	47
295	56
296	51
297	58
298	41
299	52
300	56
301	53
302	43
303	53
304	44
305	42
306	49
307	46
308	48
309	43
310	60
311	49
312	42
313	54
314	56
315	46
316	54
317	52
318	61
319	52
320	47
321	51
322	53
323	44
324	42
325	54
326	52
327	57
328	51
329	52
330	49
331	57
332	39
333	56
334	51
335	52
336	40
337	46
338	59
339	56
340	47
341	50
342	52
343	44
344	62
345	53
346	51
347	55
348	42
349	47
350	40
351	39
352	54
353	50
354	48
355	53
356	49
357	56
358	50
359	55
360	49
361	47
362	59
363	51
364	50
365	46
366	45
367	46
368	46
369	52
370	54
371	52
372	56
373	53
374	49
375	57
376	50
377	45
378	47
379	49
380	45
381	53
382	50
383	52
384	53
385	56
386	47
387	62
388	54
389	61
390	46
391	44
392	55
393	57
394	46
395	47
396	46
397	57
398	53
399	52
400	54
401	64
402	55
403	52
404	51
405	50
406	51
407	48
408	40
409	43
410	49
411	48
412	42
413	53
414	43
415	53
416	59
417	40
418	58
419	48
420	51
421	39
422	53
423	50
424	60
425	42
426	49
427	49
428	56
429	54
430	50
431	50
432	47
433	46
434	48
435	52
436	53
437	52
438	51
439	44
440	67
441	51
442	58
443	45
444	53
445	61
446	47
447	61
448	51
449	57
450	46
451	57
452	51
453	48
454	36
455	47
456	45
457	53
458	54
459	41
460	49
461	52
462	41
463	52
464	59
465	48
466	50
467	56
468	50
469	51
470	45
471	60
472	40
473	54
474	43
475	35
476	40
477	52
478	55
479	48
480	46
481	53
482	51
483	44
484	55
485	52
486	52
487	55
488	49
489	43
490	55
491	56
492	51
493	57
494	49
495	49
496	59
497	51
498	55
499	46
500	52
501	34
502	53
503	49
504	52
505	56
506	45
507	57
508	48
509	47
510	45
511	55
512	57
513	52
514	62
515	42
516	54
517	47
518	59
519	59
520	47
521	47
522	51
523	44
524	56
525	51
526	57
527	52
528	58
529	42
530	51
531	50
532	50
533	42
534	53
535	48
536	41
537	44
538	53
539	47
540	52
541	46
542	59
543	51
544	40
545	55
546	48
547	48
548	50
549	52
550	48
551	49
552	50
553	48
554	43
555	52
556	55
557	41
558	55
559	59
560	55
561	38
562	56
563	57
564	48
565	56
566	51
567	50
568	51
569	48
570	47
571	52
572	45
573	55
574	48
575	52
576	48
577	49
578	53
579	53
580	54
581	43
582	47
583	44
584	48
585	58
586	52
587	44
588	53
589	53
590	58
591	50
592	51
593	51
594	51
595	59
596	60
597	51
598	49
599	51
600	53
601	47
602	52
603	41
604	54
605	53
606	40
607	46
608	42
609	54
610	54
611	55
612	56
613	54
614	40
615	55
616	50
617	55
618	54
619	44
620	55
621	50
622	59
623	43
624	49
625	45
626	55
627	42
628	49
629	46
630	48
631	55
632	45
633	47
634	55
635	49
636	51
637	52
638	47
639	57
640	48
641	52
642	52
643	52
644	53
645	44
646	53
647	56
648	53
649	51
650	47
651	53
652	49
653	48
654	54
655	43
656	57
657	50
658	47
659	56
660	51
661	48
662	50
663	52
664	58
665	51
666	55
667	47
668	50
669	51
670	56
671	43
672	53
673	54
674	55
675	46
676	51
677	51
678	52
679	66
680	53
681	51
682	50
683	54
684	53
685	46
686	57
687	53
688	47
689	44
690	44
691	52
692	52
693	49
694	52
695	47
696	50
697	48
698	59
699	57
700	50
701	50
702	46
703	44
704	49
705	52
706	53
707	47
708	54
709	52
710	51
711	51
712	54
713	51
714	45
715	54
716	45
717	48
718	60
719	53
720	60
721	50
722	55
723	42
724	48
725	58
726	41
727	33
728	55
729	40
730	50
731	48
732	54
733	48
734	48
735	59
736	55
737	50
738	50
739	55
740	51
741	54
742	53
743	61
744	44
745	51
746	57
747	58
748	54
749	48
750	53
751	52
752	54
753	49
754	55
755	57
756	53
757	51
758	53
759	49
760	51
761	42
762	46
763	56
764	42
765	62
766	45
767	48
768	52
769	56
770	42
771	50
772	57
773	51
774	49
775	42
776	49
777	53
778	54
779	56
780	53
781	52
782	47
783	55
784	57
785	50
786	50
787	47
788	54
789	45
790	60
791	48
792	49
793	43
794	54
795	47
796	53
797	54
798	44
799	46
800	49
801	49
802	50
803	51
804	57
805	57
806	57
807	54
808	48
809	51
810	47
811	57
812	52
813	45
814	53
815	54
816	54
817	55
818	54
819	48
820	52
821	61
822	49
823	41
824	49
825	52
826	48
827	42
828	47
829	57
830	52
831	61
832	44
833	54
834	51
835	57
836	47
837	57
838	50
839	47
840	53
841	45
842	48
843	52
844	41
845	56
846	49
847	54
848	51
849	46
850	53
851	50
852	51
853	52
854	54
855	49
856	59
857	59
858	48
859	54
860	55
861	52
862	50
863	48
864	57
865	51
866	50
867	58
868	57
869	48
870	49
871	57
872	45
873	54
874	53
875	51
876	50
877	48
878	46
879	48
880	59
881	51
882	41
883	54
884	56
885	42
886	44
887	41
888	64
889	41
890	55
891	50
892	60
893	55
894	50
895	49
896	44
897	51
898	51
899	45
900	52
901	50
902	56
903	54
904	41
905	45
906	51
907	46
908	51
909	56
910	51
911	52
912	47
913	57
914	52
915	46
916	52
917	49
918	51
919	50
920	52
921	48
922	53
923	43
924	46
925	47
926	48
927	52
928	49
929	43
930	52
931	59
932	57
933	55
934	61
935	45
936	53
937	49
938	63
939	46
940	41
941	52
942	51
943	50
944	54
945	45
946	58
947	43
948	52
949	47
950	51
951	46
952	58
953	62
954	52
955	55
956	54
957	53
958	63
959	56
960	45
961	55
962	54
963	55
964	53
965	51
966	43
967	51
968	56
969	46
970	48
971	54
972	51
973	59
974	57
975	56
976	41
977	53
978	50
979	53
980	54
981	46
982	41
983	52
984	53
985	46
986	51
987	39
988	54
989	60
990	44
991	55
992	45
993	59
994	51
995	49
996	59
997	59
998	56
999	44
1000	54
1001	46
1002	46
1003	52
1004	49
1005	46
1006	46
1007	46
1008	47
1009	54
1010	36
1011	51
1012	50
1013	52
1014	51
1015	56
1016	60
1017	53
1018	48
1019	44
1020	49
1021	40
1022	47
1023	48
1024	53
1025	47
1026	52
1027	45
1028	50
1029	46
1030	44
1031	40
1032	56
1033	42
1034	44
1035	58
1036	50
1037	45
1038	52
1039	41
1040	51
1041	53
1042	46
1043	60
1044	48
1045	49
1046	45
1047	57
1048	49
1049	38
1050	56
1051	44
1052	53
1053	52
1054	54
1055	55
1056	50
1057	50
1058	54
1059	62
1060	51
1061	47
1062	59
1063	48
1064	54
1065	47
1066	48
1067	60
1068	49
1069	55
1070	56
1071	47
1072	49
1073	47
1074	40
1075	60
1076	51
1077	47
1078	42
1079	58
1080	52
1081	51
1082	51
1083	48
1084	58
1085	56
1086	62
1087	49
1088	57
1089	46
1090	49
1091	49
1092	42
1093	45
1094	60
1095	59
1096	44
1097	51
1098	45
1099	52
1100	53
1101	50
1102	46
1103	44
1104	51
1105	44
1106	45
1107	45
1108	48
1109	41
1110	48
1111	44
1112	56
1113	52
1114	58
1115	49
1116	39
1117	51
1118	50
1119	48
1120	49
1121	53
1122	59
1123	52
1124	44
1125	49
1126	57
1127	44
1128	48
1129	55
1130	39
1131	54
1132	50
1133	44
1134	47
1135	51
1136	53
1137	51
1138	50
1139	53
1140	49
1141	49
1142	44
1143	53
1144	65
1145	53
1146	48
1147	46
1148	48
1149	49
1150	52
1151	61
1152	58
1153	39
1154	50
1155	47
1156	57
1157	41
1158	47
1159	52
1160	43
1161	59
1162	40
1163	50
1164	41
1165	56
1166	46
1167	51
1168	54
1169	49
1170	51
1171	39
1172	58
1173	49
1174	50
1175	50
1176	47
1177	46
1178	46
1179	55
1180	52
1181	51
1182	49
1183	41
1184	60
1185	67
1186	55
1187	49
1188	53
1189	44
1190	50
1191	45
1192	53
1193	47
1194	56
1195	53
1196	44
1197	55
1198	56
1199	58
1200	53
1201	49
1202	48
1203	52
1204	46
1205	46
1206	42
1207	47
1208	62
1209	47
1210	55
1211	57
1212	53
1213	47
1214	57
1215	59
1216	44
1217	50
1218	48
1219	51
1220	55
1221	59
1222	55
1223	50
1224	41
1225	54
1226	44
1227	45
1228	50
1229	53
1230	54
1231	52
1232	43
1233	50
1234	54
1235	57
1236	46
1237	52
1238	43
1239	60
1240	50
1241	42
1242	55
1243	61
1244	48
1245	52
1246	60
1247	49
1248	60
1249	49
1250	43
1251	52
1252	47
1253	49
1254	44
1255	50
1256	50
1257	58
1258	59
1259	39
1260	56
1261	56
1262	46
1263	41
1264	57
1265	49
1266	47
1267	52
1268	47
1269	47
1270	40
1271	51
1272	48
1273	42
1274	46
1275	56
1276	44
1277	46
1278	59
1279	56
1280	51
1281	50
1282	49
1283	55
1284	62
1285	51
1286	53
1287	48
1288	53
1289	54
1290	55
1291	45
1292	48
1293	50
1294	53
1295	53
1296	52
1297	49
1298	56
1299	53
1300	47
1301	41
1302	46
1303	48
1304	52
1305	50
1306	52
1307	43
1308	48
1309	48
1310	44
1311	49
1312	51
1313	47
1314	49
1315	52
1316	68
1317	51
1318	55
1319	46
1320	50
1321	55
1322	54
1323	56
1324	54
1325	61
1326	53
1327	57
1328	53
1329	42
1330	44
1331	50
1332	50
1333	51
1334	42
1335	42
1336	65
1337	57
1338	46
1339	44
1340	45
1341	56
1342	50
1343	53
1344	59
1345	38
1346	40
1347	55
1348	53
1349	65
1350	44
1351	49
1352	55
1353	53
1354	62
1355	50
1356	47
1357	49
1358	43
1359	50
1360	53
1361	51
1362	51
1363	55
1364	51
1365	50
1366	49
1367	54
1368	45
1369	52
1370	51
1371	49
1372	49
1373	40
1374	45
1375	43
1376	54
1377	43
1378	50
1379	57
1380	53
1381	49
1382	48
1383	38
1384	53
1385	51
1386	44
1387	47
1388	53
1389	53
1390	44
1391	44
1392	43
1393	47
1394	43
1395	47
1396	55
1397	52
1398	52
1399	47
1400	52
1401	47
1402	49
1403	56
1404	50
1405	50
1406	50
1407	57
1408	49
1409	53
1410	54
1411	44
1412	55
1413	55
1414	50
1415	51
1416	41
1417	58
1418	45
1419	45
1420	52
1421	43
1422	39
1423	52
1424	50
1425	46
1426	56
1427	49
1428	59
1429	49
1430	55
1431	44
1432	47
1433	46
1434	51
1435	42
1436	60
1437	50
1438	59
1439	46
1440	57
1441	47
1442	55
1443	56
1444	48
1445	45
1446	51
1447	52
1448	58
1449	52
1450	60
1451	51
1452	51
1453	48
1454	55
1455	57
1456	55
1457	47
1458	43
1459	52
1460	46
1461	48
1462	59
1463	50
1464	52
1465	48
1466	60
1467	48
1468	52
1469	51
1470	48
1471	51
1472	52
1473	43
1474	47
1475	48
1476	55
1477	47
1478	57
1479	47
1480	41
1481	47
1482	52
1483	54
1484	42
1485	49
1486	49
1487	50
1488	57
1489	50
1490	60
1491	51
1492	47
1493	46
1494	49
1495	52
1496	56
1497	56
1498	51
1499	45
1500	53
1501	61
1502	50
1503	49
1504	53
1505	48
1506	48
1507	64
1508	52
1509	63
1510	58
1511	53
1512	59
1513	54
1514	52
1515	52
1516	52
1517	50
1518	59
1519	49
1520	54
1521	59
1522	50
1523	53
1524	50
1525	50
1526	45
1527	46
1528	53
1529	47
1530	53
1531	49
1532	47
1533	47
1534	48
1535	54
1536	51
1537	60
1538	52
1539	41
1540	58
1541	53
1542	48
1543	50
1544	55
1545	55
1546	56
1547	42
1548	49
1549	47
1550	55
1551	47
1552	64
1553	52
1554	53
1555	39
1556	54
1557	52
1558	48
1559	59
1560	51
1561	48
1562	50
1563	51
1564	44
1565	55
1566	48
1567	50
1568	56
1569	42
1570	49
1571	44
1572	49
1573	56
1574	52
1575	48
1576	46
1577	45
1578	44
1579	50
1580	43
1581	55
1582	55
1583	43
1584	48
1585	59
1586	40
1587	52
1588	47
1589	53
1590	40
1591	42
1592	53
1593	45
1594	54
1595	43
1596	43
1597	42
1598	44
1599	52
1600	54
1601	50
1602	46
1603	46
1604	48
1605	48
1606	59
1607	56
1608	43
1609	47
1610	46
1611	50
1612	52
1613	56
1614	59
1615	40
1616	46
1617	37
1618	43
1619	60
1620	48
1621	52
1622	46
1623	46
1624	55
1625	49
1626	42
1627	45
1628	46
1629	45
1630	50
1631	46
1632	47
1633	46
1634	52
1635	49
1636	45
1637	51
1638	43
1639	43
1640	45
1641	55
1642	55
1643	50
1644	53
1645	54
1646	50
1647	45
1648	51
1649	48
1650	48
1651	50
1652	56
1653	48
1654	48
1655	54
1656	47
1657	51
1658	53
1659	57
1660	45
1661	56
1662	55
1663	57
1664	46
1665	50
1666	48
1667	53
1668	52
1669	52
1670	47
1671	59
1672	46
1673	56
1674	46
1675	52
1676	47
1677	48
1678	57
1679	48
1680	52
1681	54
1682	57
1683	50
1684	51
1685	47
1686	49
1687	51
1688	56
1689	52
1690	60
1691	52
1692	58
1693	53
1694	47
1695	55
1696	42
1697	51
1698	52
1699	55
1700	52
1701	46
1702	48
1703	50
1704	47
1705	51
1706	53
1707	47
1708	53
1709	52
1710	62
1711	46
1712	58
1713	50
1714	54
1715	43
1716	50
1717	48
1718	51
1719	48
1720	52
1721	56
1722	48
1723	50
1724	44
1725	43
1726	51
1727	61
1728	60
1729	54
1730	54
1731	53
1732	49
1733	57
1734	52
1735	49
1736	53
1737	48
1738	59
1739	50
1740	54
1741	51
1742	41
1743	49
1744	47
1745	50
1746	54
1747	53
1748	63
1749	54
1750	51
1751	51
1752	46
1753	50
1754	53
1755	44
1756	62
1757	52
1758	52
1759	53
1760	55
1761	46
1762	50
1763	50
1764	54
1765	51
1766	52
1767	59
1768	56
1769	45
1770	48
1771	51
1772	52
1773	48
1774	59
1775	57
1776	55
1777	49
1778	53
1779	49
1780	42
1781	56
1782	50
1783	46
1784	50
1785	50
1786	45
1787	48
1788	62
1789	47
1790	62
1791	44
1792	48
1793	53
1794	47
1795	48
1796	51
1797	39
1798	42
1799	52
1800	44
1801	49
1802	52
1803	53
1804	51
1805	49
1806	51
1807	46
1808	47
1809	43
1810	49
1811	58
1812	54
1813	58
1814	48
1815	47
1816	53
1817	45
1818	52
1819	58
1820	47
1821	51
1822	56
1823	50
1824	59
1825	52
1826	52
1827	55
1828	52
1829	44
1830	54
1831	56
1832	46
1833	47
1834	57
1835	52
1836	51
1837	54
1838	51
1839	51
1840	61
1841	58
1842	51
1843	52
1844	48
1845	51
1846	45
1847	46
1848	63
1849	47
1850	48
1851	56
1852	54
1853	47
1854	55
1855	59
1856	49
1857	46
1858	45
1859	51
1860	53
1861	50
1862	43
1863	55
1864	51
1865	55
1866	43
1867	45
1868	64
1869	55
1870	38
1871	48
1872	46
1873	57
1874	46
1875	54
1876	49
1877	46
1878	50
1879	51
1880	54
1881	55
1882	50
1883	54
1884	46
1885	47
1886	62
1887	48
1888	47
1889	55
1890	54
1891	45
1892	52
1893	51
1894	43
1895	54
1896	63
1897	58
1898	52
1899	47
1900	49
1901	57
1902	52
1903	44
1904	45
1905	50
1906	51
1907	43
1908	48
1909	40
1910	51
1911	54
1912	57
1913	49
1914	50
1915	49
1916	41
1917	47
1918	49
1919	49
1920	41
1921	53
1922	53
1923	51
1924	44
1925	50
1926	50
1927	39
1928	56
1929	46
1930	56
1931	47
1932	44
1933	51
1934	43
1935	55
1936	52
1937	64
1938	56
1939	47
1940	49
1941	51
1942	46
1943	50
1944	44
1945	51
1946	45
1947	48
1948	53
1949	45
1950	45
1951	47
1952	50
1953	52
1954	41
1955	45
1956	51
1957	52
1958	50
1959	56
1960	53
1961	51
1962	47
1963	56
1964	58
1965	45
1966	47
1967	54
1968	49
1969	52
1970	50
1971	42
1972	46
1973	57
1974	48
1975	45
1976	53
1977	55
1978	47
1979	51
1980	54
1981	47
1982	52
1983	44
1984	52
1985	43
1986	52
1987	50
1988	52
1989	47
1990	51
1991	48
1992	50
1993	50
1994	63
1995	46
1996	50
1997	51
1998	47
1999	39
2000	50
2001	51
2002	50
2003	54
2004	44
2005	59
2006	49
2007	45
2008	50
2009	50
2010	43
2011	58
2012	48
2013	47
2014	48
2015	49
2016	46
2017	44
2018	45
2019	60
2020	42
2021	50
2022	53
2023	49
2024	54
2025	51
2026	41
2027	52
2028	51
2029	53
2030	48
2031	57
2032	49
2033	47
2034	57
2035	52
2036	48
2037	53
2038	47
2039	43
2040	59
2041	42
2042	50
2043	50
2044	63
2045	52
2046	52
2047	47
2048	50
2049	49
2050	54
2051	50
2052	51
2053	54
2054	55
2055	55
2056	43
2057	52
2058	41
2059	56
2060	46
2061	53
2062	54
2063	60
2064	56
2065	57
2066	38
2067	46
2068	57
2069	56
2070	56
2071	50
2072	49
2073	42
2074	61
2075	50
2076	58
2077	49
2078	60
2079	45
2080	54
2081	47
2082	40
2083	53
2084	48
2085	56
2086	50
2087	57
2088	62
2089	50
2090	46
2091	51
2092	49
2093	54
2094	56
2095	56
2096	46
2097	54
2098	54
2099	48
2100	46
2101	51
2102	50
2103	49
2104	48
2105	54
2106	54
2107	55
2108	54
2109	51
2110	46
2111	59
2112	53
2113	51
2114	43
2115	53
2116	52
2117	56
2118	56
2119	49
2120	52
2121	49
2122	56
2123	48
2124	46
2125	45
2126	44
2127	49
2128	48
2129	49
2130	44
2131	40
2132	51
2133	50
2134	56
2135	49
2136	52
2137	52
2138	49
2139	42
2140	54
2141	58
2142	51
2143	55
2144	46
2145	54
2146	45
2147	52
2148	47
2149	52
2150	49
2151	48
2152	54
2153	45
2154	45
2155	42
2156	50
2157	56
2158	51
2159	51
2160	45
2161	44
2162	49
2163	48
2164	55
2165	51
2166	48
2167	51
2168	54
2169	45
2170	48
2171	48
2172	46
2173	50
2174	42
2175	46
2176	52
2177	51
2178	47
2179	46
2180	59
2181	60
2182	46
2183	47
2184	50
2185	59
2186	46
2187	54
2188	51
2189	44
2190	55
2191	48
2192	46
2193	50
2194	53
2195	51
2196	52
2197	52
2198	48
2199	42
2200	51
2201	49
2202	50
2203	47
2204	51
2205	50
2206	48
2207	44
2208	53
2209	50
2210	51
2211	45
2212	50
2213	49
2214	46
2215	45
2216	46
2217	47
2218	50
2219	45
2220	42
2221	50
2222	59
2223	48
2224	54
2225	53
2226	53
2227	49
2228	49
2229	46
2230	50
2231	51
2232	44
2233	46
2234	47
2235	53
2236	42
2237	57
2238	44
2239	57
2240	47
2241	47
2242	40
2243	56
2244	51
2245	48
2246	47
2247	58
2248	51
2249	51
2250	47
2251	56
2252	38
2253	46
2254	59
2255	42
2256	56
2257	46
2258	50
2259	54
2260	49
2261	48
2262	50
2263	48
2264	54
2265	53
2266	50
2267	48
2268	55
2269	41
2270	49
2271	47
2272	55
2273	47
2274	47
2275	46
2276	45
2277	55
2278	44
2279	49
2280	42
2281	54
2282	48
2283	51
2284	52
2285	49
2286	49
2287	56
2288	52
2289	52
2290	43
2291	54
2292	42
2293	49
2294	56
2295	46
2296	51
2297	49
2298	47
2299	57
2300	42
2301	39
2302	53
2303	53
2304	52
2305	56
2306	50
2307	53
2308	53
2309	53
2310	50
2311	49
2312	53
2313	46
2314	48
2315	44
2316	57
2317	47
2318	46
2319	46
2320	55
2321	48
2322	48
2323	54
2324	49
2325	50
2326	50
2327	53
2328	57
2329	48
2330	47
2331	59
2332	50
2333	48
2334	49
2335	57
2336	56
2337	48
2338	45
2339	52
2340	46
2341	45
2342	50
2343	49
2344	48
2345	49
2346	49
2347	54
2348	43
2349	51
2350	47
2351	52
2352	54
2353	63
2354	47
2355	59
2356	50
2357	51
2358	54
2359	57
2360	52
2361	52
2362	55
2363	47
2364	52
2365	43
2366	63
2367	50
2368	49
2369	47
2370	41
2371	46
2372	46
2373	47
2374	52
2375	39
2376	58
2377	52
2378	49
2379	45
2380	57
2381	45
2382	57
2383	48
2384	49
2385	53
2386	50
2387	44
2388	47
2389	47
2390	53
2391	51
2392	48
2393	46
2394	40
2395	55
2396	55
2397	49
2398	53
2399	53
2400	53
2401	56
2402	46
2403	44
2404	55
2405	54
2406	47
2407	56
2408	49
2409	48
2410	52
2411	40
2412	49
2413	43
2414	49
2415	54
2416	54
2417	53
2418	52
2419	43
2420	55
2421	51
2422	44
2423	54
2424	55
2425	50
2426	45
2427	52
2428	46
2429	49
2430	49
2431	42
2432	51
2433	54
2434	55
2435	45
2436	57
2437	55
2438	46
2439	54
2440	50
2441	49
2442	49
2443	48
2444	52
2445	52
2446	51
2447	39
2448	56
2449	49
2450	40
2451	52
2452	54
2453	52
2454	53
2455	50
2456	45
2457	54
2458	52
2459	45
2460	51
2461	46
2462	52
2463	50
2464	46
2465	50
2466	51
2467	59
2468	40
2469	41
2470	53
2471	55
2472	54
2473	54
2474	52
2475	42
2476	44
2477	49
2478	48
2479	49
2480	48
2481	62
2482	52
2483	43
2484	45
2485	46
2486	50
2487	46
2488	51
2489	49
2490	41
2491	50
2492	55
2493	52
2494	49
2495	44
2496	55
2497	49
2498	46
2499	46
2500	57
2501	52
2502	47
2503	52
2504	62
2505	67
2506	47
2507	50
2508	52
2509	56
2510	51
2511	52
2512	46
2513	44
2514	49
2515	48
2516	43
2517	48
2518	50
2519	46
2520	45
2521	52
2522	52
2523	47
2524	50
2525	51
2526	55
2527	48
2528	56
2529	44
2530	58
2531	52
2532	63
2533	51
2534	49
2535	55
2536	61
2537	50
2538	55
2539	48
2540	60
2541	56
2542	59
2543	48
2544	42
2545	52
2546	56
2547	52
2548	45
2549	54
2550	55
2551	47
2552	48
2553	44
2554	55
2555	57
2556	47
2557	52
2558	58
2559	48
2560	55
2561	45
2562	52
2563	56
2564	62
2565	44
2566	49
2567	49
2568	58
2569	59
2570	46
2571	43
2572	56
2573	52
2574	59
2575	53
2576	53
2577	45
2578	41
2579	47
2580	59
2581	52
2582	54
2583	51
2584	51
2585	46
2586	48
2587	51
2588	43
2589	55
2590	58
2591	54
2592	39
2593	46
2594	47
2595	49
2596	45
2597	49
2598	52
2599	48
2600	53
2601	48
2602	59
2603	59
2604	48
2605	53
2606	52
2607	50
2608	46
2609	56
2610	52
2611	59
2612	50
2613	48
2614	45
2615	54
2616	50
2617	47
2618	52
2619	57
2620	47
2621	52
2622	52
2623	50
2624	52
2625	45
2626	56
2627	61
2628	49
2629	50
2630	44
2631	55
2632	56
2633	48
2634	49
2635	48
2636	54
2637	43
2638	50
2639	51
2640	47
2641	48
2642	52
2643	51
2644	51
2645	59
2646	43
2647	47
2648	44
2649	47
2650	43
2651	58
2652	45
2653	43
2654	51
2655	55
2656	54
2657	46
2658	54
2659	56
2660	49
2661	48
2662	58
2663	43
2664	57
2665	47
2666	46
2667	50
2668	44
2669	59
2670	49
2671	51
2672	51
2673	51
2674	54
2675	57
2676	54
2677	39
2678	48
2679	45
2680	49
2681	49
2682	54
2683	62
2684	55
2685	47
2686	48
2687	58
2688	57
2689	50
2690	55
2691	49
2692	54
2693	55
2694	48
2695	49
2696	48
2697	50
2698	43
2699	52
2700	54
2701	52
2702	49
2703	46
2704	45
2705	50
2706	50
2707	49
2708	50
2709	40
2710	52
2711	48
2712	49
2713	48
2714	47
2715	53
2716	45
2717	63
2718	49
2719	53
2720	47
2721	53
2722	46
2723	51
2724	53
2725	47
2726	52
2727	52
2728	45
2729	60
2730	46
2731	41
2732	56
2733	50
2734	46
2735	53
2736	49
2737	49
2738	48
2739	53
2740	54
2741	55
2742	57
2743	57
2744	44
2745	50
2746	52
2747	49
2748	49
2749	57
2750	51
2751	53
2752	43
2753	54
2754	52
2755	57
2756	49
2757	54
2758	48
2759	57
2760	50
2761	50
2762	52
2763	59
2764	54
2765	39
2766	47
2767	47
2768	50
2769	55
2770	46
2771	45
2772	55
2773	50
2774	60
2775	45
2776	49
2777	47
2778	54
2779	56
2780	51
2781	54
2782	45
2783	47
2784	47
2785	50
2786	47
2787	54
2788	43
2789	54
2790	54
2791	58
2792	51
2793	41
2794	46
2795	44
2796	55
2797	51
2798	48
2799	46
2800	51
2801	49
2802	51
2803	57
2804	52
2805	50
2806	44
2807	59
2808	50
2809	40
2810	47
2811	45
2812	42
2813	50
2814	51
2815	54
2816	47
2817	59
2818	56
2819	52
2820	49
2821	52
2822	48
2823	52
2824	46
2825	52
2826	50
2827	58
2828	40
2829	52
2830	58
2831	46
2832	55
2833	47
2834	52
2835	47
2836	60
2837	47
2838	59
2839	55
2840	55
2841	49
2842	49
2843	53
2844	44
2845	53
2846	55
2847	58
2848	47
2849	45
2850	47
2851	56
2852	38
2853	49
2854	53
2855	52
2856	57
2857	52
2858	47
2859	59
2860	52
2861	53
2862	43
2863	56
2864	55
2865	48
2866	54
2867	58
2868	52
2869	60
2870	54
2871	48
2872	51
2873	54
2874	51
2875	45
2876	56
2877	47
2878	39
2879	49
2880	68
2881	53
2882	51
2883	55
2884	47
2885	52
2886	45
2887	55
2888	49
2889	49
2890	51
2891	49
2892	53
2893	47
2894	59
2895	45
2896	50
2897	59
2898	56
2899	52
2900	42
2901	49
2902	59
2903	43
2904	53
2905	48
2906	46
2907	53
2908	45
2909	57
2910	53
2911	55
2912	45
2913	43
2914	55
2915	57
2916	50
2917	47
2918	52
2919	55
2920	51
2921	49
2922	45
2923	42
2924	48
2925	54
2926	40
2927	43
2928	54
2929	43
2930	57
2931	47
2932	33
2933	41
2934	56
2935	47
2936	44
2937	51
2938	63
2939	49
2940	49
2941	46
2942	45
2943	49
2944	41
2945	58
2946	53
2947	49
2948	46
2949	56
2950	52
2951	48
2952	41
2953	60
2954	56
2955	48
2956	51
2957	53
2958	51
2959	51
2960	51
2961	57
2962	56
2963	60
2964	50
2965	56
2966	50
2967	42
2968	57
2969	50
2970	52
2971	52
2972	50
2973	52
2974	50
2975	47
2976	51
2977	59
2978	52
2979	63
2980	55
2981	48
2982	45
2983	53
2984	48
2985	53
2986	40
2987	44
2988	53
2989	53
2990	47
2991	46
2992	53
2993	50
2994	47
2995	51
2996	46
2997	55
2998	45
2999	50
3000	50
3001	45
3002	56
3003	42
3004	53
3005	49
3006	49
3007	53
3008	42
3009	49
3010	52
3011	55
3012	58
3013	58
3014	58
3015	50
3016	44
3017	47
3018	48
3019	47
3020	49
3021	47
3022	59
3023	50
3024	42
3025	57
3026	58
3027	42
3028	53
3029	50
3030	51
3031	46
3032	55
3033	47
3034	40
3035	46
3036	50
3037	44
3038	43
3039	58
3040	46
3041	57
3042	44
3043	59
3044	45
3045	42
3046	60
3047	54
3048	57
3049	54
3050	58
3051	49
3052	49
3053	54
3054	52
3055	44
3056	51
3057	47
3058	53
3059	50
3060	50
3061	46
3062	52
3063	51
3064	48
3065	42
3066	53
3067	57
3068	50
3069	48
3070	49
3071	43
3072	48
3073	57
3074	49
3075	45
3076	47
3077	43
3078	51
3079	47
3080	40
3081	53
3082	51
3083	49
3084	44
3085	58
3086	57
3087	53
3088	50
3089	47
3090	49
3091	41
3092	50
3093	51
3094	50
3095	50
3096	57
3097	41
3098	57
3099	51
3100	46
3101	48
3102	39
3103	49
3104	54
3105	50
3106	53
3107	52
3108	43
3109	43
3110	39
3111	36
3112	50
3113	42
3114	54
3115	48
3116	42
3117	55
3118	50
3119	54
3120	49
3121	49
3122	61
3123	63
3124	51
3125	42
3126	42
3127	39
3128	55
3129	61
3130	51
3131	53
3132	50
3133	50
3134	44
3135	51
3136	46
3137	52
3138	40
3139	56
3140	53
3141	51
3142	49
3143	47
3144	44
3145	53
3146	57
3147	48
3148	46
3149	47
3150	48
3151	50
3152	63
3153	43
3154	47
3155	57
3156	46
3157	55
3158	57
3159	52
3160	47
3161	55
3162	57
3163	48
3164	40
3165	52
3166	55
3167	43
3168	57
3169	54
3170	57
3171	48
3172	49
3173	46
3174	52
3175	49
3176	46
3177	52
3178	49
3179	41
3180	53
3181	38
3182	45
3183	52
3184	53
3185	44
3186	48
3187	52
3188	45
3189	56
3190	41
3191	54
3192	48
3193	46
3194	47
3195	47
3196	49
3197	68
3198	43
3199	45
3200	48
3201	47
3202	45
3203	47
3204	48
3205	54
3206	49
3207	49
3208	55
3209	51
3210	53
3211	53
3212	51
3213	55
3214	48
3215	45
3216	52
3217	54
3218	51
3219	47
3220	43
3221	57
3222	47
3223	55
3224	58
3225	52
3226	56
3227	56
3228	57
3229	59
3230	51
3231	50
3232	50
3233	47
3234	54
3235	53
3236	48
3237	55
3238	49
3239	53
3240	43
3241	51
3242	51
3243	55
3244	51
3245	52
3246	40
3247	49
3248	53
3249	52
3250	49
3251	52
3252	50
3253	55
3254	56
3255	58
3256	49
3257	50
3258	38
3259	46
3260	58
3261	52
3262	50
3263	58
3264	50
3265	51
3266	54
3267	55
3268	51
3269	62
3270	53
3271	48
3272	50
3273	54
3274	50
3275	46
3276	53
3277	47
3278	50
3279	47
3280	49
3281	48
3282	45
3283	49
3284	51
3285	53
3286	51
3287	44
3288	60
3289	50
3290	57
3291	49
3292	49
3293	52
3294	47
3295	44
3296	45
3297	47
3298	47
3299	54
3300	51
3301	53
3302	43
3303	52
3304	47
3305	50
3306	50
3307	46
3308	56
3309	58
3310	45
3311	47
3312	50
3313	54
3314	49
3315	46
3316	60
3317	47
3318	53
3319	48
3320	56
3321	56
3322	41
3323	59
3324	50
3325	54
3326	59
3327	57
3328	43
3329	50
3330	57
3331	47
3332	46
3333	44
3334	47
3335	51
3336	46
3337	49
3338	61
3339	63
3340	47
3341	49
3342	41
3343	48
3344	61
3345	53
3346	50
3347	45
3348	44
3349	44
3350	55
3351	56
3352	46
3353	46
3354	63
3355	47
3356	53
3357	46
3358	46
3359	48
3360	58
3361	52
3362	46
3363	58
3364	50
3365	53
3366	56
3367	46
3368	53
3369	44
3370	47
3371	56
3372	42
3373	54
3374	51
3375	55
3376	55
3377	54
3378	56
3379	47
3380	48
3381	56
3382	47
3383	54
3384	50
3385	57
3386	40
3387	47
3388	50
3389	49
3390	48
3391	54
3392	49
3393	47
3394	56
3395	52
3396	46
3397	44
3398	49
3399	45
3400	41
3401	44
3402	46
3403	53
3404	52
3405	51
3406	44
3407	49
3408	48
3409	39
3410	50
3411	46
3412	47
3413	38
3414	46
3415	48
3416	54
3417	42
3418	56
3419	46
3420	51
3421	50
3422	49
3423	46
3424	52
3425	48
3426	52
3427	46
3428	47
3429	53
3430	55
3431	45
3432	59
3433	52
3434	54
3435	53
3436	49
3437	49
3438	55
3439	50
3440	54
3441	50
3442	48
3443	52
3444	55
3445	46
3446	58
3447	46
3448	47
3449	48
3450	48
3451	52
3452	54
3453	48
3454	50
3455	55
3456	63
3457	45
3458	58
3459	55
3460	49
3461	49
3462	48
3463	45
3464	47
3465	48
3466	62
3467	43
3468	51
3469	42
3470	51
3471	48
3472	50
3473	51
3474	54
3475	55
3476	47
3477	46
3478	42
3479	52
3480	42
3481	48
3482	46
3483	52
3484	51
3485	50
3486	55
3487	48
3488	59
3489	48
3490	48
3491	49
3492	44
3493	51
3494	54
3495	56
3496	46
3497	47
3498	53
3499	53
3500	54
3501	55
3502	57
3503	53
3504	48
3505	43
3506	50
3507	58
3508	50
3509	51
3510	56
3511	47
3512	58
3513	49
3514	47
3515	50
3516	58
3517	47
3518	47
3519	41
3520	56
3521	49
3522	48
3523	53
3524	49
3525	50
3526	51
3527	50
3528	43
3529	54
3530	50
3531	50
3532	53
3533	52
3534	48
3535	59
3536	50
3537	45
3538	46
3539	52
3540	50
3541	54
3542	54
3543	57
3544	55
3545	51
3546	50
3547	52
3548	46
3549	48
3550	50
3551	49
3552	51
3553	51
3554	47
3555	46
3556	51
3557	50
3558	53
3559	46
3560	50
3561	52
3562	56
3563	56
3564	49
3565	59
3566	43
3567	55
3568	48
3569	57
3570	42
3571	45
3572	51
3573	55
3574	44
3575	54
3576	51
3577	54
3578	46
3579	54
3580	52
3581	46
3582	55
3583	51
3584	58
3585	57
3586	52
3587	49
3588	55
3589	48
3590	50
3591	52
3592	49
3593	47
3594	41
3595	55
3596	56
3597	58
3598	40
3599	56
3600	43
3601	53
3602	48
3603	49
3604	51
3605	48
3606	53
3607	55
3608	54
3609	48
3610	51
3611	43
3612	53
3613	54
3614	51
3615	57
3616	54
3617	58
3618	52
3619	53
3620	57
3621	53
3622	55
3623	48
3624	57
3625	47
3626	47
3627	48
3628	51
3629	53
3630	47
3631	55
3632	45
3633	38
3634	54
3635	54
3636	46
3637	54
3638	46
3639	45
3640	50
3641	48
3642	56
3643	51
3644	51
3645	42
3646	51
3647	52
3648	57
3649	50
3650	44
3651	53
3652	50
3653	54
3654	47
3655	45
3656	54
3657	47
3658	57
3659	53
3660	48
3661	49
3662	54
3663	61
3664	41
3665	61
3666	55
3667	45
3668	52
3669	47
3670	56
3671	45
3672	53
3673	52
3674	54
3675	46
3676	42
3677	49
3678	47
3679	49
3680	56
3681	46
3682	55
3683	49
3684	47
3685	48
3686	54
3687	55
3688	50
3689	40
3690	57
3691	46
3692	37
3693	59
3694	53
3695	42
3696	49
3697	52
3698	54
3699	51
3700	53
3701	54
3702	45
3703	52
3704	47
3705	55
3706	49
3707	47
3708	58
3709	49
3710	63
3711	53
3712	52
3713	49
3714	43
3715	49
3716	49
3717	46
3718	43
3719	54
3720	45
3721	49
3722	49
3723	50
3724	47
3725	53
3726	53
3727	50
3728	58
3729	54
3730	42
3731	60
3732	56
3733	57
3734	50
3735	59
3736	58
3737	50
3738	40
3739	49
3740	47
3741	51
3742	38
3743	47
3744	56
3745	50
3746	40
3747	50
3748	52
3749	44
3750	52
3751	52
3752	46
3753	48
3754	52
3755	45
3756	43
3757	61
3758	46
3759	53
3760	48
3761	46
3762	46
3763	53
3764	58
3765	54
3766	52
3767	46
3768	48
3769	60
3770	58
3771	58
3772	52
3773	60
3774	70
3775	59
3776	50
3777	46
3778	50
3779	54
3780	44
3781	43
3782	51
3783	55
3784	54
3785	45
3786	56
3787	47
3788	51
3789	52
3790	53
3791	47
3792	52
3793	51
3794	57
3795	52
3796	55
3797	39
3798	60
3799	56
3800	48
3801	47
3802	54
3803	50
3804	52
3805	56
3806	53
3807	48
3808	49
3809	50
3810	49
3811	45
3812	55
3813	40
3814	50
3815	56
3816	56
3817	59
3818	50
3819	52
3820	50
3821	41
3822	55
3823	52
3824	61
3825	47
3826	54
3827	43
3828	40
3829	44
3830	50
3831	55
3832	49
3833	51
3834	55
3835	50
3836	50
3837	41
3838	50
3839	46
3840	55
3841	47
3842	51
3843	50
3844	47
3845	58
3846	61
3847	56
3848	48
3849	49
3850	48
3851	51
3852	44
3853	52
3854	49
3855	51
3856	59
3857	51
3858	56
3859	55
3860	45
3861	48
3862	56
3863	52
3864	51
3865	50
3866	47
3867	38
3868	51
3869	48
3870	49
3871	54
3872	53
3873	50
3874	51
3875	52
3876	52
3877	60
3878	53
3879	52
3880	35
3881	54
3882	61
3883	45
3884	53
3885	52
3886	52
3887	42
3888	48
3889	58
3890	56
3891	53
3892	50
3893	53
3894	61
3895	53
3896	56
3897	39
3898	59
3899	45
3900	52
3901	56
3902	64
3903	56
3904	44
3905	48
3906	54
3907	47
3908	47
3909	43
3910	50
3911	51
3912	56
3913	58
3914	55
3915	46
3916	55
3917	55
3918	50
3919	57
3920	39
3921	59
3922	48
3923	42
3924	50
3925	50
3926	50
3927	49
3928	57
3929	52
3930	51
3931	49
3932	46
3933	61
3934	52
3935	43
3936	42
3937	56
3938	62
3939	51
3940	59
3941	41
3942	52
3943	51
3944	58
3945	45
3946	53
3947	46
3948	53
3949	47
3950	50
3951	44
3952	61
3953	67
3954	50
3955	57
3956	58
3957	59
3958	47
3959	53
3960	46
3961	51
3962	54
3963	50
3964	50
3965	49
3966	50
3967	58
3968	61
3969	53
3970	55
3971	45
3972	47
3973	49
3974	47
3975	45
3976	52
3977	45
3978	49
3979	46
3980	61
3981	47
3982	56
3983	57
3984	42
3985	50
3986	51
3987	51
3988	46
3989	47
3990	61
3991	54
3992	55
3993	37
3994	43
3995	54
3996	55
3997	52
3998	42
3999	52
4000	55
4001	56
4002	51
4003	50
4004	40
4005	51
4006	55
4007	53
4008	39
4009	47
4010	46
4011	47
4012	57
4013	45
4014	41
4015	53
4016	48
4017	58
4018	50
4019	50
4020	50
4021	49
4022	51
4023	53
4024	46
4025	49
4026	55
4027	48
4028	51
4029	57
4030	47
4031	45
4032	43
4033	57
4034	44
4035	49
4036	51
4037	43
4038	56
4039	52
4040	60
4041	48
4042	55
4043	54
4044	59
4045	48
4046	53
4047	45
4048	50
4049	45
4050	50
4051	42
4052	51
4053	47
4054	49
4055	50
4056	44
4057	45
4058	54
4059	56
4060	45
4061	54
4062	56
4063	49
4064	50
4065	51
4066	49
4067	54
4068	63
4069	57
4070	54
4071	52
4072	55
4073	58
4074	47
4075	46
4076	52
4077	47
4078	46
4079	52
4080	48
4081	47
4082	47
4083	48
4084	45
4085	51
4086	51
4087	42
4088	55
4089	53
4090	46
4091	56
4092	56
4093	57
4094	54
4095	52
4096	40
4097	56
4098	49
4099	53
4100	51
4101	56
4102	46
4103	51
4104	62
4105	43
4106	53
4107	49
4108	49
4109	57
4110	55
4111	49
4112	47
4113	50
4114	49
4115	50
4116	52
4117	50
4118	51
4119	55
4120	48
4121	50
4122	53
4123	45
4124	55
4125	45
4126	52
4127	50
4128	47
4129	52
4130	53
4131	57
4132	45
4133	50
4134	53
4135	37
4136	53
4137	53
4138	54
4139	50
4140	49
4141	56
4142	54
4143	47
4144	51
4145	57
4146	50
4147	55
4148	41
4149	53
4150	52
4151	56
4152	48
4153	58
4154	50
4155	45
4156	43
4157	47
4158	47
4159	55
4160	44
4161	62
4162	65
4163	52
4164	56
4165	54
4166	48
4167	49
4168	49
4169	50
4170	58
4171	42
4172	37
4173	44
4174	53
4175	45
4176	52
4177	53
4178	56
4179	58
4180	58
4181	42
4182	40
4183	48
4184	56
4185	55
4186	49
4187	41
4188	52
4189	46
4190	56
4191	42
4192	50
4193	49
4194	48
4195	44
4196	39
4197	47
4198	49
4199	51
4200	43
4201	45
4202	51
4203	49
4204	50
4205	46
4206	49
4207	44
4208	53
4209	49
4210	57
4211	47
4212	50
4213	55
4214	50
4215	46
4216	53
4217	49
4218	49
4219	50
4220	48
4221	52
4222	51
4223	53
4224	49
4225	48
4226	49
4227	47
4228	57
4229	53
4230	49
4231	53
4232	48
4233	48
4234	44
4235	66
4236	55
4237	51
4238	47
4239	42
4240	42
4241	51
4242	48
4243	55
4244	47
4245	54
4246	55
4247	38
4248	48
4249	48
4250	54
4251	44
4252	43
4253	51
4254	44
4255	46
4256	48
4257	56
4258	43
4259	52
4260	44
4261	47
4262	43
4263	48
4264	58
4265	50
4266	55
4267	46
4268	43
4269	64
4270	42
4271	41
4272	58
4273	59
4274	48
4275	54
4276	57
4277	49
4278	59
4279	59
4280	46
4281	50
4282	51
4283	53
4284	57
4285	45
4286	53
4287	47
4288	59
4289	50
4290	48
4291	59
4292	49
4293	54
4294	55
4295	53
4296	61
4297	50
4298	49
4299	50
4300	46
4301	50
4302	53
4303	51
4304	47
4305	40
4306	47
4307	40
4308	46
4309	47
4310	51
4311	50
4312	54
4313	52
4314	49
4315	45
4316	56
4317	45
4318	42
4319	50
4320	47
4321	59
4322	52
4323	51
4324	53
4325	55
4326	41
4327	48
4328	47
4329	47
4330	51
4331	53
4332	48
4333	54
4334	58
4335	45
4336	43
4337	47
4338	58
4339	55
4340	50
4341	59
4342	54
4343	56
4344	49
4345	52
4346	54
4347	57
4348	47
4349	52
4350	48
4351	53
4352	49
4353	46
4354	47
4355	48
4356	51
4357	55
4358	49
4359	44
4360	54
4361	46
4362	55
4363	49
4364	44
4365	51
4366	50
4367	51
4368	47
4369	52
4370	48
4371	49
4372	42
4373	53
4374	47
4375	43
4376	60
4377	55
4378	50
4379	47
4380	38
4381	52
4382	51
4383	51
4384	45
4385	54
4386	51
4387	52
4388	47
4389	49
4390	45
4391	44
4392	58
4393	44
4394	50
4395	42
4396	42
4397	50
4398	47
4399	45
4400	56
4401	47
4402	49
4403	47
4404	50
4405	43
4406	43
4407	51
4408	52
4409	41
4410	53
4411	46
4412	53
4413	50
4414	51
4415	59
4416	59
4417	53
4418	56
4419	49
4420	53
4421	54
4422	43
4423	57
4424	49
4425	50
4426	43
4427	55
4428	48
4429	55
4430	52
4431	57
4432	52
4433	51
4434	43
4435	52
4436	48
4437	55
4438	45
4439	48
4440	53
4441	50
4442	54
4443	46
4444	50
4445	51
4446	51
4447	51
4448	51
4449	43
4450	50
4451	52
4452	53
4453	51
4454	47
4455	56
4456	53
4457	44
4458	47
4459	52
4460	57
4461	48
4462	53
4463	55
4464	59
4465	51
4466	51
4467	41
4468	50
4469	42
4470	51
4471	47
4472	60
4473	54
4474	49
4475	56
4476	51
4477	52
4478	55
4479	59
4480	47
4481	49
4482	42
4483	50
4484	53
4485	48
4486	52
4487	51
4488	43
4489	53
4490	48
4491	51
4492	50
4493	53
4494	43
4495	57
4496	49
4497	49
4498	52
4499	52
4500	49
4501	42
4502	47
4503	44
4504	50
4505	45
4506	43
4507	43
4508	48
4509	44
4510	52
4511	48
4512	43
4513	53
4514	51
4515	43
4516	46
4517	45
4518	41
4519	49
4520	61
4521	48
4522	51
4523	54
4524	38
4525	49
4526	39
4527	46
4528	45
4529	46
4530	55
4531	54
4532	45
4533	47
4534	43
4535	53
4536	48
4537	45
4538	51
4539	48
4540	49
4541	44
4542	54
4543	50
4544	52
4545	48
4546	57
4547	45
4548	53
4549	54
4550	53
4551	48
4552	46
4553	44
4554	52
4555	53
4556	49
4557	43
4558	49
4559	50
4560	50
4561	53
4562	51
4563	40
4564	49
4565	52
4566	56
4567	42
4568	43
4569	53
4570	58
4571	47
4572	37
4573	47
4574	52
4575	56
4576	49
4577	48
4578	57
4579	56
4580	45
4581	62
4582	47
4583	44
4584	48
4585	44
4586	47
4587	52
4588	46
4589	50
4590	48
4591	44
4592	52
4593	53
4594	42
4595	46
4596	50
4597	52
4598	49
4599	47
4600	49
4601	42
4602	56
4603	56
4604	58
4605	49
4606	48
4607	52
4608	49
4609	46
4610	55
4611	46
4612	42
4613	49
4614	44
4615	45
4616	55
4617	48
4618	37
4619	48
4620	52
4621	53
4622	50
4623	52
4624	56
4625	49
4626	51
4627	60
4628	46
4629	49
4630	51
4631	49
4632	47
4633	48
4634	52
4635	49
4636	49
4637	47
4638	49
4639	43
4640	42
4641	46
4642	56
4643	54
4644	47
4645	54
4646	55
4647	50
4648	46
4649	61
4650	53
4651	45
4652	51
4653	49
4654	55
4655	58
4656	51
4657	47
4658	55
4659	51
4660	47
4661	45
4662	47
4663	50
4664	48
4665	57
4666	52
4667	53
4668	52
4669	59
4670	48
4671	48
4672	41
4673	43
4674	60
4675	50
4676	48
4677	46
4678	57
4679	51
4680	51
4681	48
4682	51
4683	54
4684	45
4685	60
4686	47
4687	52
4688	53
4689	51
4690	46
4691	56
4692	56
4693	59
4694	58
4695	52
4696	46
4697	53
4698	43
4699	55
4700	52
4701	52
4702	49
4703	46
4704	58
4705	50
4706	45
4707	45
4708	50
4709	58
4710	54
4711	57
4712	49
4713	44
4714	47
4715	53
4716	48
4717	49
4718	51
4719	57
4720	61
4721	45
4722	56
4723	53
4724	45
4725	53
4726	50
4727	56
4728	49
4729	53
4730	47
4731	46
4732	45
4733	50
4734	44
4735	57
4736	61
4737	46
4738	45
4739	59
4740	55
4741	51
4742	47
4743	54
4744	43
4745	49
4746	47
4747	55
4748	50
4749	45
4750	47
4751	49
4752	47
4753	49
4754	43
4755	62
4756	51
4757	56
4758	48
4759	46
4760	48
4761	47
4762	51
4763	52
4764	57
4765	47
4766	56
4767	57
4768	45
4769	48
4770	51
4771	51
4772	58
4773	47
4774	42
4775	52
4776	51
4777	46
4778	57
4779	48
4780	53
4781	53
4782	43
4783	45
4784	58
4785	47
4786	48
4787	41
4788	55
4789	35
4790	50
4791	57
4792	56
4793	55
4794	56
4795	41
4796	52
4797	48
4798	52
4799	59
4800	57
4801	55
4802	42
4803	48
4804	46
4805	43
4806	48
4807	60
4808	41
4809	53
4810	51
4811	43
4812	51
4813	54
4814	58
4815	66
4816	55
4817	57
4818	50
4819	52
4820	49
4821	49
4822	56
4823	48
4824	46
4825	48
4826	49
4827	53
4828	45
4829	52
4830	42
4831	44
4832	58
4833	55
4834	42
4835	44
4836	42
4837	44
4838	53
4839	55
4840	54
4841	48
4842	49
4843	55
4844	42
4845	51
4846	55
4847	51
4848	55
4849	48
4850	41
4851	51
4852	60
4853	53
4854	51
4855	51
4856	45
4857	54
4858	61
4859	56
4860	49
4861	43
4862	47
4863	54
4864	46
4865	57
4866	39
4867	39
4868	47
4869	49
4870	56
4871	53
4872	48
4873	55
4874	48
4875	52
4876	46
4877	47
4878	58
4879	48
4880	53
4881	56
4882	56
4883	49
4884	43
4885	54
4886	60
4887	48
4888	53
4889	48
4890	52
4891	53
4892	48
4893	48
4894	40
4895	45
4896	42
4897	49
4898	44
4899	50
4900	49
4901	47
4902	46
4903	56
4904	53
4905	51
4906	45
4907	60
4908	59
4909	52
4910	48
4911	47
4912	58
4913	52
4914	41
4915	52
4916	56
4917	43
4918	52
4919	45
4920	51
4921	50
4922	57
4923	50
4924	52
4925	55
4926	41
4927	49
4928	53
4929	55
4930	48
4931	48
4932	49
4933	35
4934	46
4935	37
4936	52
4937	53
4938	42
4939	45
4940	58
4941	50
4942	45
4943	50
4944	60
4945	40
4946	48
4947	50
4948	48
4949	52
4950	59
4951	55
4952	51
4953	52
4954	47
4955	57
4956	50
4957	47
4958	56
4959	59
4960	44
4961	46
4962	54
4963	49
4964	55
4965	38
4966	54
4967	45
4968	62
4969	55
4970	47
4971	41
4972	59
4973	48
4974	47
4975	45
4976	51
4977	48
4978	51
4979	48
4980	54
4981	56
4982	53
4983	49
4984	56
4985	58
4986	42
4987	64
4988	61
4989	53
4990	52
4991	49
4992	44
4993	48
4994	54
4995	58
4996	43
4997	52
4998	45
4999	52
5000	52
5001	56
5002	51
5003	51
5004	52
5005	43
5006	53
5007	48
5008	50
5009	54
5010	53
5011	46
5012	51
5013	52
5014	44
5015	55
5016	42
5017	47
5018	54
5019	54
5020	60
5021	58
5022	50
5023	56
5024	52
5025	45
5026	54
5027	49
5028	55
5029	44
5030	58
5031	56
5032	56
5033	47
5034	44
5035	52
5036	55
5037	48
5038	57
5039	51
5040	59
5041	47
5042	54
5043	50
5044	54
5045	57
5046	54
5047	52
5048	48
5049	48
5050	53
5051	52
5052	55
5053	44
5054	50
5055	43
5056	47
5057	45
5058	54
5059	51
5060	51
5061	49
5062	60
5063	54
5064	55
5065	55
5066	51
5067	50
5068	49
5069	39
5070	47
5071	50
5072	54
5073	51
5074	52
5075	51
5076	50
5077	46
5078	50
5079	44
5080	54
5081	48
5082	50
5083	43
5084	48
5085	52
5086	57
5087	61
5088	55
5089	56
5090	54
5091	48
5092	54
5093	46
5094	58
5095	52
5096	60
5097	50
5098	47
5099	57
5100	51
5101	52
5102	45
5103	53
5104	46
5105	47
5106	46
5107	56
5108	55
5109	47
5110	50
5111	58
5112	59
5113	48
5114	51
5115	56
5116	54
5117	46
5118	49
5119	53
5120	51
5121	43
5122	42
5123	46
5124	45
5125	53
5126	53
5127	51
5128	46
5129	53
5130	54
5131	47
5132	58
5133	48
5134	52
5135	51
5136	51
5137	51
5138	55
5139	51
5140	47
5141	55
5142	54
5143	57
5144	49
5145	50
5146	57
5147	46
5148	41
5149	51
5150	43
5151	44
5152	55
5153	48
5154	56
5155	50
5156	43
5157	56
5158	55
5159	47
5160	49
5161	51
5162	54
5163	44
5164	48
5165	54
5166	53
5167	53
5168	47
5169	56
5170	57
5171	54
5172	43
5173	43
5174	61
5175	55
5176	45
5177	45
5178	56
5179	54
5180	54
5181	52
5182	51
5183	53
5184	55
5185	56
5186	53
5187	47
5188	58
5189	47
5190	53
5191	49
5192	54
5193	45
5194	55
5195	40
5196	52
5197	48
5198	53
5199	48
5200	58
5201	55
5202	47
5203	46
5204	49
5205	57
5206	53
5207	52
5208	47
5209	50
5210	52
5211	44
5212	54
5213	50
5214	52
5215	51
5216	51
5217	62
5218	50
5219	53
5220	50
5221	50
5222	48
5223	48
5224	43
5225	48
5226	49
5227	56
5228	54
5229	56
5230	53
5231	41
5232	47
5233	48
5234	46
5235	60
5236	52
5237	38
5238	50
5239	44
5240	52
5241	45
5242	41
5243	50
5244	52
5245	51
5246	53
5247	48
5248	55
5249	61
5250	43
5251	44
5252	56
5253	53
5254	42
5255	42
5256	45
5257	49
5258	50
5259	50
5260	53
5261	53
5262	49
5263	64
5264	63
5265	47
5266	42
5267	48
5268	47
5269	50
5270	52
5271	33
5272	61
5273	55
5274	47
5275	51
5276	48
5277	48
5278	53
5279	46
5280	50
5281	56
5282	55
5283	46
5284	49
5285	43
5286	49
5287	47
5288	54
5289	51
5290	51
5291	48
5292	48
5293	46
5294	57
5295	67
5296	45
5297	48
5298	46
5299	53
5300	53
5301	56
5302	43
5303	49
5304	45
5305	48
5306	47
5307	46
5308	54
5309	55
5310	50
5311	54
5312	53
5313	44
5314	59
5315	45
5316	55
5317	51
5318	51
5319	48
5320	45
5321	42
5322	59
5323	55
5324	44
5325	51
5326	48
5327	55
5328	51
5329	58
5330	56
5331	53
5332	44
5333	46
5334	57
5335	45
5336	52
5337	51
5338	54
5339	49
5340	42
5341	54
5342	44
5343	47
5344	49
5345	48
5346	50
5347	46
5348	45
5349	47
5350	57
5351	53
5352	50
5353	59
5354	47
5355	53
5356	56
5357	56
5358	55
5359	54
5360	47
5361	45
5362	54
5363	47
5364	61
5365	48
5366	54
5367	50
5368	48
5369	45
5370	59
5371	59
5372	43
5373	64
5374	56
5375	42
5376	51
5377	49
5378	48
5379	54
5380	45
5381	51
5382	49
5383	43
5384	52
5385	54
5386	59
5387	53
5388	55
5389	51
5390	52
5391	44
5392	54
5393	51
5394	52
5395	51
5396	47
5397	52
5398	52
5399	50
5400	47
5401	49
5402	53
5403	48
5404	48
5405	50
5406	55
5407	51
5408	48
5409	50
5410	58
5411	50
5412	51
5413	53
5414	53
5415	58
5416	46
5417	46
5418	45
5419	46
5420	57
5421	56
5422	55
5423	51
5424	60
5425	55
5426	53
5427	57
5428	52
5429	55
5430	46
5431	49
5432	52
5433	55
5434	50
5435	50
5436	51
5437	50
5438	48
5439	51
5440	43
5441	43
5442	50
5443	46
5444	53
5445	58
5446	48
5447	49
5448	40
5449	49
5450	56
5451	45
5452	55
5453	48
5454	48
5455	55
5456	64
5457	44
5458	44
5459	62
5460	47
5461	52
5462	51
5463	53
5464	46
5465	58
5466	43
5467	54
5468	48
5469	54
5470	52
5471	43
5472	55
5473	57
5474	48
5475	52
5476	57
5477	47
5478	44
5479	46
5480	43
5481	50
5482	57
5483	50
5484	43
5485	54
5486	52
5487	47
5488	59
5489	57
5490	44
5491	50
5492	49
5493	40
5494	45
5495	52
5496	53
5497	50
5498	56
5499	62
5500	59
5501	56
5502	49
5503	51
5504	56
5505	49
5506	51
5507	45
5508	57
5509	49
5510	54
5511	44
5512	54
5513	48
5514	51
5515	47
5516	53
5517	41
5518	42
5519	43
5520	53
5521	52
5522	58
5523	60
5524	53
5525	50
5526	50
5527	59
5528	55
5529	56
5530	51
5531	55
5532	53
5533	49
5534	49
5535	50
5536	49
5537	53
5538	51
5539	49
5540	51
5541	50
5542	49
5543	48
5544	54
5545	53
5546	52
5547	50
5548	45
5549	41
5550	59
5551	53
5552	47
5553	52
5554	52
5555	56
5556	49
5557	52
5558	52
5559	46
5560	55
5561	53
5562	57
5563	50
5564	54
5565	55
5566	57
5567	53
5568	51
5569	47
5570	60
5571	47
5572	54
5573	41
5574	46
5575	57
5576	57
5577	50
5578	51
5579	53
5580	54
5581	46
5582	51
5583	45
5584	46
5585	52
5586	44
5587	45
5588	62
5589	56
5590	51
5591	49
5592	55
5593	54
5594	43
5595	50
5596	58
5597	57
5598	55
5599	55
5600	47
5601	44
5602	48
5603	51
5604	52
5605	48
5606	58
5607	45
5608	45
5609	46
5610	54
5611	48
5612	49
5613	51
5614	54
5615	61
5616	57
5617	31
5618	44
5619	41
5620	53
5621	50
5622	51
5623	50
5624	51
5625	49
5626	52
5627	50
5628	53
5629	49
5630	56
5631	51
5632	51
5633	50
5634	52
5635	40
5636	41
5637	53
5638	48
5639	47
5640	50
5641	55
5642	53
5643	42
5644	52
5645	52
5646	48
5647	46
5648	50
5649	49
5650	51
5651	48
5652	47
5653	45
5654	51
5655	60
5656	46
5657	52
5658	57
5659	59
5660	53
5661	43
5662	52
5663	51
5664	46
5665	48
5666	43
5667	51
5668	58
5669	46
5670	47
5671	49
5672	50
5673	51
5674	55
5675	50
5676	56
5677	49
5678	55
5679	51
5680	49
5681	53
5682	59
5683	45
5684	48
5685	49
5686	48
5687	48
5688	54
5689	58
5690	52
5691	50
5692	54
5693	44
5694	43
5695	57
5696	53
5697	57
5698	50
5699	54
5700	47
5701	53
5702	57
5703	52
5704	52
5705	47
5706	53
5707	57
5708	44
5709	48
5710	47
5711	53
5712	43
5713	64
5714	48
5715	57
5716	44
5717	49
5718	51
5719	45
5720	52
5721	53
5722	50
5723	54
5724	45
5725	55
5726	56
5727	54
5728	51
5729	40
5730	45
5731	49
5732	52
5733	51
5734	42
5735	44
5736	47
5737	49
5738	46
5739	49
5740	60
5741	54
5742	49
5743	43
5744	52
5745	50
5746	54
5747	59
5748	42
5749	59
5750	54
5751	44
5752	52
5753	49
5754	55
5755	42
5756	49
5757	55
5758	39
5759	41
5760	44
5761	53
5762	38
5763	43
5764	53
5765	57
5766	41
5767	56
5768	52
5769	59
5770	43
5771	59
5772	55
5773	40
5774	47
5775	58
5776	54
5777	56
5778	48
5779	53
5780	63
5781	53
5782	51
5783	50
5784	55
5785	49
5786	51
5787	53
5788	42
5789	50
5790	42
5791	52
5792	47
5793	50
5794	57
5795	53
5796	63
5797	52
5798	51
5799	52
5800	43
5801	47
5802	43
5803	48
5804	52
5805	47
5806	53
5807	46
5808	55
5809	45
5810	54
5811	59
5812	54
5813	58
5814	55
5815	54
5816	54
5817	53
5818	50
5819	48
5820	53
5821	52
5822	47
5823	49
5824	52
5825	48
5826	50
5827	53
5828	57
5829	55
5830	43
5831	44
5832	46
5833	43
5834	47
5835	55
5836	53
5837	53
5838	49
5839	44
5840	50
5841	41
5842	54
5843	45
5844	48
5845	49
5846	51
5847	59
5848	46
5849	53
5850	52
5851	52
5852	50
5853	53
5854	56
5855	47
5856	54
5857	58
5858	42
5859	41
5860	45
5861	50
5862	47
5863	45
5864	58
5865	50
5866	52
5867	52
5868	60
5869	52
5870	53
5871	48
5872	47
5873	60
5874	56
5875	41
5876	59
5877	48
5878	45
5879	52
5880	53
5881	51
5882	55
5883	50
5884	50
5885	42
5886	53
5887	54
5888	45
5889	50
5890	42
5891	51
5892	53
5893	51
5894	51
5895	52
5896	50
5897	35
5898	52
5899	51
5900	44
5901	48
5902	56
5903	45
5904	50
5905	52
5906	49
5907	54
5908	48
5909	48
5910	51
5911	57
5912	55
5913	43
5914	36
5915	48
5916	46
5917	47
5918	46
5919	46
5920	60
5921	52
5922	48
5923	56
5924	44
5925	54
5926	47
5927	57
5928	52
5929	44
5930	46
5931	54
5932	46
5933	58
5934	50
5935	48
5936	46
5937	46
5938	57
5939	53
5940	47
5941	45
5942	48
5943	49
5944	51
5945	56
5946	46
5947	57
5948	56
5949	48
5950	54
5951	46
5952	45
5953	44
5954	45
5955	50
5956	56
5957	59
5958	43
5959	41
5960	50
5961	50
5962	49
5963	48
5964	48
5965	58
5966	58
5967	50
5968	47
5969	45
5970	57
5971	55
5972	59
5973	49
5974	53
5975	56
5976	60
5977	47
5978	50
5979	50
5980	48
5981	47
5982	53
5983	62
5984	48
5985	37
5986	52
5987	53
5988	37
5989	51
5990	43
5991	47
5992	48
5993	48
5994	48
5995	43
5996	53
5997	53
5998	52
5999	37
6000	48
6001	52
6002	46
6003	50
6004	56
6005	50
6006	52
6007	52
6008	53
6009	49
6010	45
6011	59
6012	48
6013	45
6014	54
6015	51
6016	50
6017	53
6018	48
6019	49
6020	39
6021	55
6022	47
6023	52
6024	52
6025	52
6026	52
6027	43
6028	44
6029	55
6030	60
6031	58
6032	51
6033	53
6034	54
6035	50
6036	49
6037	43
6038	51
6039	48
6040	47
6041	53
6042	46
6043	52
6044	41
6045	47
6046	55
6047	57
6048	47
6049	44
6050	55
6051	48
6052	55
6053	42
6054	51
6055	49
6056	57
6057	46
6058	54
6059	51
6060	55
6061	49
6062	52
6063	53
6064	50
6065	53
6066	41
6067	55
6068	56
6069	49
6070	56
6071	50
6072	51
6073	46
6074	44
6075	45
6076	49
6077	52
6078	44
6079	52
6080	57
6081	46
6082	50
6083	56
6084	44
6085	49
6086	43
6087	51
6088	56
6089	58
6090	48
6091	50
6092	54
6093	54
6094	59
6095	53
6096	50
6097	55
6098	50
6099	49
6100	60
6101	50
6102	51
6103	47
6104	44
6105	48
6106	48
6107	53
6108	51
6109	45
6110	48
6111	62
6112	42
6113	52
6114	57
6115	45
6116	59
6117	52
6118	52
6119	47
6120	49
6121	44
6122	45
6123	53
6124	51
6125	40
6126	56
6127	48
6128	43
6129	51
6130	54
6131	56
6132	52
6133	54
6134	55
6135	49
6136	61
6137	50
6138	50
6139	56
6140	51
6141	49
6142	46
6143	55
6144	50
6145	49
6146	50
6147	46
6148	46
6149	53
6150	56
6151	59
6152	48
6153	55
6154	49
6155	46
6156	52
6157	43
6158	54
6159	57
6160	55
6161	53
6162	44
6163	55
6164	54
6165	48
6166	48
6167	46
6168	55
6169	43
6170	51
6171	50
6172	47
6173	47
6174	50
6175	58
6176	43
6177	46
6178	56
6179	55
6180	47
6181	51
6182	56
6183	57
6184	49
6185	46
6186	48
6187	43
6188	50
6189	44
6190	51
6191	46
6192	52
6193	52
6194	55
6195	55
6196	39
6197	61
6198	51
6199	51
6200	49
6201	43
6202	45
6203	48
6204	48
6205	55
6206	48
6207	50
6208	49
6209	48
6210	49
6211	53
6212	55
6213	43
6214	54
6215	59
6216	56
6217	51
6218	43
6219	59
6220	51
6221	53
6222	48
6223	48
6224	56
6225	41
6226	55
6227	57
6228	52
6229	54
6230	58
6231	55
6232	50
6233	45
6234	54
6235	49
6236	45
6237	53
6238	53
6239	53
6240	57
6241	59
6242	50
6243	50
6244	54
6245	51
6246	52
6247	58
6248	57
6249	46
6250	56
6251	55
6252	58
6253	48
6254	45
6255	57
6256	50
6257	55
6258	55
6259	51
6260	55
6261	51
6262	46
6263	43
6264	51
6265	46
6266	51
6267	51
6268	60
6269	51
6270	45
6271	37
6272	58
6273	48
6274	55
6275	44
6276	54
6277	47
6278	52
6279	48
6280	60
6281	44
6282	52
6283	57
6284	48
6285	53
6286	49
6287	46
6288	59
6289	52
6290	49
6291	49
6292	50
6293	46
6294	51
6295	48
6296	42
6297	48
6298	50
6299	58
6300	46
6301	46
6302	50
6303	47
6304	47
6305	52
6306	50
6307	52
6308	45
6309	50
6310	49
6311	49
6312	48
6313	48
6314	39
6315	52
6316	59
6317	51
6318	57
6319	53
6320	54
6321	49
6322	47
6323	49
6324	52
6325	54
6326	50
6327	50
6328	49
6329	53
6330	62
6331	48
6332	54
6333	48
6334	48
6335	47
6336	54
6337	54
6338	36
6339	48
6340	53
6341	55
6342	56
6343	53
6344	59
6345	47
6346	50
6347	53
6348	52
6349	44
6350	56
6351	47
6352	45
6353	38
6354	48
6355	54
6356	53
6357	54
6358	52
6359	49
6360	52
6361	47
6362	41
6363	50
6364	51
6365	54
6366	43
6367	52
6368	48
6369	47
6370	51
6371	49
6372	57
6373	54
6374	45
6375	45
6376	55
6377	53
6378	56
6379	55
6380	52
6381	54
6382	49
6383	47
6384	44
6385	56
6386	41
6387	52
6388	55
6389	53
6390	48
6391	45
6392	46
6393	51
6394	56
6395	61
6396	54
6397	57
6398	49
6399	52
6400	49
6401	59
6402	48
6403	42
6404	51
6405	47
6406	52
6407	50
6408	46
6409	43
6410	53
6411	55
6412	48
6413	56
6414	51
6415	48
6416	50
6417	47
6418	53
6419	63
6420	55
6421	66
6422	54
6423	52
6424	51
6425	52
6426	52
6427	55
6428	51
6429	47
6430	57
6431	62
6432	57
6433	44
6434	49
6435	45
6436	58
6437	55
6438	57
6439	46
6440	61
6441	46
6442	52
6443	51
6444	55
6445	50
6446	48
6447	45
6448	54
6449	54
6450	44
6451	60
6452	54
6453	57
6454	44
6455	50
6456	46
6457	50
6458	50
6459	52
6460	55
6461	55
6462	50
6463	49
6464	51
6465	57
6466	47
6467	51
6468	53
6469	47
6470	49
6471	48
6472	41
6473	53
6474	48
6475	53
6476	43
6477	55
6478	46
6479	57
6480	49
6481	47
6482	49
6483	59
6484	53
6485	54
6486	54
6487	55
6488	50
6489	63
6490	55
6491	54
6492	56
6493	47
6494	45
6495	39
6496	56
6497	54
6498	47
6499	60
6500	45
6501	42
6502	50
6503	48
6504	47
6505	50
6506	50
6507	47
6508	49
6509	45
6510	51
6511	48
6512	49
6513	55
6514	50
6515	45
6516	47
6517	52
6518	62
6519	57
6520	44
6521	53
6522	40
6523	48
6524	51
6525	53
6526	49
6527	52
6528	57
6529	45
6530	48
6531	41
6532	46
6533	47
6534	43
6535	54
6536	52
6537	51
6538	48
6539	47
6540	54
6541	48
6542	47
6543	49
6544	44
6545	54
6546	49
6547	51
6548	51
6549	52
6550	50
6551	45
6552	47
6553	57
6554	54
6555	44
6556	49
6557	54
6558	56
6559	54
6560	50
6561	49
6562	50
6563	48
6564	57
6565	54
6566	54
6567	52
6568	50
6569	47
6570	55
6571	58
6572	59
6573	50
6574	56
6575	55
6576	48
6577	47
6578	56
6579	47
6580	49
6581	53
6582	61
6583	50
6584	51
6585	44
6586	57
6587	44
6588	44
6589	46
6590	49
6591	48
6592	51
6593	51
6594	55
6595	38
6596	55
6597	49
6598	56
6599	55
6600	46
6601	59
6602	54
6603	55
6604	51
6605	49
6606	57
6607	47
6608	50
6609	52
6610	48
6611	57
6612	59
6613	55
6614	54
6615	49
6616	49
6617	43
6618	54
6619	44
6620	49
6621	56
6622	53
6623	49
6624	49
6625	46
6626	49
6627	55
6628	56
6629	54
6630	57
6631	43
6632	43
6633	49
6634	45
6635	53
6636	59
6637	52
6638	54
6639	49
6640	47
6641	66
6642	53
6643	44
6644	49
6645	52
6646	45
6647	56
6648	40
6649	52
6650	56
6651	53
6652	53
6653	51
6654	49
6655	44
6656	51
6657	53
6658	50
6659	59
6660	47
6661	55
6662	45
6663	53
6664	47
6665	51
6666	48
6667	53
6668	41
6669	51
6670	50
6671	48
6672	56
6673	52
6674	49
6675	49
6676	45
6677	42
6678	57
6679	53
6680	47
6681	43
6682	44
6683	51
6684	48
6685	48
6686	57
6687	52
6688	49
6689	62
6690	57
6691	54
6692	54
6693	56
6694	59
6695	52
6696	52
6697	58
6698	59
6699	56
6700	51
6701	53
6702	48
6703	59
6704	45
6705	52
6706	46
6707	50
6708	46
6709	44
6710	50
6711	45
6712	57
6713	55
6714	55
6715	47
6716	51
6717	50
6718	53
6719	45
6720	50
6721	41
6722	49
6723	50
6724	55
6725	49
6726	50
6727	54
6728	47
6729	45
6730	59
6731	59
6732	47
6733	43
6734	42
6735	53
6736	52
6737	52
6738	58
6739	50
6740	48
6741	52
6742	49
6743	50
6744	47
6745	47
6746	42
6747	51
6748	50
6749	48
6750	52
6751	57
6752	60
6753	56
6754	53
6755	55
6756	50
6757	53
6758	44
6759	45
6760	51
6761	45
6762	52
6763	52
6764	49
6765	51
6766	46
6767	49
6768	50
6769	48
6770	54
6771	54
6772	44
6773	40
6774	50
6775	49
6776	53
6777	47
6778	51
6779	45
6780	54
6781	51
6782	55
6783	51
6784	51
6785	47
6786	53
6787	37
6788	49
6789	44
6790	54
6791	41
6792	46
6793	52
6794	56
6795	47
6796	55
6797	48
6798	49
6799	57
6800	41
6801	45
6802	58
6803	47
6804	42
6805	46
6806	53
6807	60
6808	50
6809	49
6810	50
6811	52
6812	51
6813	51
6814	55
6815	48
6816	47
6817	41
6818	44
6819	51
6820	55
6821	56
6822	45
6823	44
6824	47
6825	52
6826	55
6827	41
6828	57
6829	45
6830	58
6831	58
6832	46
6833	43
6834	52
6835	60
6836	54
6837	55
6838	49
6839	50
6840	50
6841	58
6842	60
6843	56
6844	52
6845	55
6846	53
6847	54
6848	43
6849	56
6850	53
6851	59
6852	56
6853	49
6854	53
6855	54
6856	54
6857	52
6858	46
6859	40
6860	51
6861	49
6862	40
6863	54
6864	52
6865	46
6866	48
6867	51
6868	50
6869	47
6870	57
6871	37
6872	47
6873	50
6874	43
6875	53
6876	50
6877	58
6878	54
6879	41
6880	49
6881	58
6882	50
6883	54
6884	50
6885	47
6886	56
6887	54
6888	50
6889	47
6890	52
6891	52
6892	56
6893	51
6894	55
6895	54
6896	48
6897	46
6898	51
6899	50
6900	58
6901	46
6902	50
6903	55
6904	45
6905	54
6906	44
6907	46
6908	49
6909	46
6910	50
6911	49
6912	48
6913	45
6914	56
6915	58
6916	50
6917	43
6918	50
6919	51
6920	52
6921	52
6922	56
6923	49
6924	45
6925	49
6926	50
6927	51
6928	46
6929	48
6930	41
6931	45
6932	50
6933	50
6934	42
6935	47
6936	57
6937	51
6938	45
6939	65
6940	43
6941	48
6942	48
6943	43
6944	54
6945	45
6946	59
6947	46
6948	55
6949	58
6950	60
6951	54
6952	43
6953	49
6954	64
6955	46
6956	45
6957	52
6958	44
6959	46
6960	47
6961	57
6962	58
6963	54
6964	52
6965	46
6966	60
6967	56
6968	51
6969	52
6970	51
6971	48
6972	50
6973	61
6974	41
6975	55
6976	50
6977	43
6978	57
6979	50
6980	52
6981	48
6982	51
6983	62
6984	52
6985	49
6986	50
6987	53
6988	50
6989	48
6990	49
6991	52
6992	44
6993	43
6994	50
6995	50
6996	51
6997	45
6998	57
6999	61
7000	48
7001	51
7002	45
7003	48
7004	56
7005	52
7006	59
7007	51
7008	47
7009	53
7010	51
7011	49
7012	53
7013	40
7014	57
7015	48
7016	55
7017	46
7018	53
7019	49
7020	51
7021	46
7022	56
7023	41
7024	46
7025	55
7026	46
7027	57
7028	47
7029	51
7030	60
7031	59
7032	49
7033	54
7034	44
7035	52
7036	43
7037	55
7038	49
7039	52
7040	57
7041	45
7042	52
7043	53
7044	54
7045	58
7046	49
7047	40
7048	46
7049	46
7050	51
7051	53
7052	51
7053	52
7054	42
7055	53
7056	47
7057	45
7058	54
7059	54
7060	49
7061	46
7062	48
7063	55
7064	40
7065	50
7066	50
7067	51
7068	53
7069	41
7070	50
7071	58
7072	49
7073	47
7074	45
7075	57
7076	46
7077	52
7078	44
7079	49
7080	56
7081	47
7082	42
7083	54
7084	43
7085	49
7086	56
7087	50
7088	54
7089	53
7090	63
7091	47
7092	53
7093	51
7094	67
7095	58
7096	52
7097	53
7098	42
7099	47
7100	56
7101	54
7102	52
7103	42
7104	61
7105	51
7106	56
7107	52
7108	51
7109	50
7110	50
7111	49
7112	56
7113	47
7114	50
7115	50
7116	47
7117	57
7118	45
7119	47
7120	48
7121	52
7122	53
7123	47
7124	58
7125	52
7126	49
7127	53
7128	47
7129	52
7130	51
7131	60
7132	47
7133	40
7134	53
7135	52
7136	48
7137	46
7138	49
7139	60
7140	54
7141	37
7142	51
7143	49
7144	52
7145	41
7146	44
7147	45
7148	50
7149	55
7150	47
7151	61
7152	50
7153	49
7154	49
7155	50
7156	53
7157	49
7158	60
7159	51
7160	52
7161	54
7162	57
7163	49
7164	46
7165	50
7166	59
7167	50
7168	55
7169	56
7170	58
7171	50
7172	51
7173	47
7174	64
7175	49
7176	52
7177	48
7178	51
7179	56
7180	51
7181	45
7182	50
7183	56
7184	55
7185	41
7186	50
7187	44
7188	55
7189	42
7190	47
7191	49
7192	50
7193	49
7194	45
7195	47
7196	49
7197	57
7198	52
7199	43
7200	50
7201	59
7202	45
7203	46
7204	46
7205	44
7206	50
7207	53
7208	52
7209	57
7210	55
7211	51
7212	46
7213	47
7214	47
7215	48
7216	55
7217	55
7218	51
7219	41
7220	62
7221	55
7222	55
7223	56
7224	46
7225	39
7226	52
7227	50
7228	45
7229	42
7230	54
7231	51
7232	47
7233	43
7234	49
7235	53
7236	52
7237	53
7238	43
7239	48
7240	57
7241	55
7242	57
7243	71
7244	38
7245	57
7246	49
7247	55
7248	47
7249	43
7250	49
7251	46
7252	53
7253	53
7254	42
7255	55
7256	46
7257	56
7258	47
7259	50
7260	51
7261	46
7262	59
7263	54
7264	53
7265	55
7266	48
7267	54
7268	51
7269	51
7270	41
7271	55
7272	58
7273	49
7274	48
7275	50
7276	54
7277	43
7278	49
7279	51
7280	52
7281	59
7282	47
7283	42
7284	48
7285	42
7286	53
7287	52
7288	54
7289	53
7290	46
7291	46
7292	57
7293	51
7294	57
7295	47
7296	56
7297	47
7298	53
7299	53
7300	56
7301	43
7302	49
7303	38
7304	38
7305	56
7306	46
7307	47
7308	48
7309	49
7310	54
7311	60
7312	49
7313	53
7314	53
7315	47
7316	52
7317	53
7318	48
7319	47
7320	50
7321	56
7322	51
7323	56
7324	44
7325	59
7326	47
7327	58
7328	46
7329	46
7330	48
7331	47
7332	45
7333	53
7334	44
7335	44
7336	53
7337	55
7338	43
7339	47
7340	56
7341	50
7342	61
7343	51
7344	58
7345	41
7346	51
7347	46
7348	60
7349	52
7350	51
7351	48
7352	62
7353	58
7354	56
7355	48
7356	56
7357	60
7358	44
7359	48
7360	54
7361	57
7362	46
7363	42
7364	46
7365	49
7366	40
7367	49
7368	45
7369	54
7370	48
7371	49
7372	60
7373	53
7374	53
7375	42
7376	49
7377	49
7378	49
7379	46
7380	54
7381	45
7382	52
7383	48
7384	51
7385	49
7386	45
7387	53
7388	47
7389	65
7390	49
7391	54
7392	46
7393	55
7394	44
7395	57
7396	52
7397	43
7398	50
7399	54
7400	49
7401	46
7402	53
7403	54
7404	43
7405	51
7406	56
7407	54
7408	48
7409	50
7410	44
7411	49
7412	51
7413	45
7414	58
7415	62
7416	51
7417	51
7418	55
7419	57
7420	48
7421	44
7422	48
7423	46
7424	65
7425	54
7426	51
7427	58
7428	47
7429	49
7430	50
7431	50
7432	56
7433	49
7434	53
7435	45
7436	59
7437	51
7438	59
7439	45
7440	63
7441	50
7442	57
7443	52
7444	56
7445	54
7446	55
7447	49
7448	44
7449	36
7450	48
7451	49
7452	50
7453	59
7454	57
7455	53
7456	49
7457	58
7458	42
7459	54
7460	45
7461	53
7462	48
7463	52
7464	51
7465	50
7466	36
7467	53
7468	35
7469	41
7470	53
7471	58
7472	44
7473	51
7474	47
7475	45
7476	56
7477	44
7478	41
7479	50
7480	54
7481	55
7482	43
7483	52
7484	46
7485	53
7486	40
7487	53
7488	49
7489	47
7490	47
7491	50
7492	57
7493	48
7494	55
7495	42
7496	47
7497	40
7498	56
7499	55
7500	47
7501	52
7502	44
7503	44
7504	50
7505	44
7506	51
7507	59
7508	57
7509	52
7510	46
7511	58
7512	48
7513	50
7514	48
7515	50
7516	46
7517	50
7518	50
7519	38
7520	52
7521	46
7522	49
7523	55
7524	56
7525	42
7526	61
7527	55
7528	45
7529	48
7530	55
7531	56
7532	42
7533	53
7534	59
7535	45
7536	53
7537	50
7538	47
7539	48
7540	61
7541	63
7542	54
7543	53
7544	57
7545	45
7546	59
7547	54
7548	48
7549	54
7550	43
7551	53
7552	48
7553	51
7554	49
7555	55
7556	50
7557	50
7558	49
7559	52
7560	50
7561	47
7562	49
7563	53
7564	48
7565	59
7566	51
7567	58
7568	46
7569	48
7570	46
7571	55
7572	52
7573	49
7574	53
7575	49
7576	53
7577	55
7578	50
7579	44
7580	56
7581	50
7582	51
7583	56
7584	44
7585	53
7586	50
7587	47
7588	51
7589	54
7590	57
7591	49
7592	52
7593	45
7594	48
7595	54
7596	51
7597	54
7598	43
7599	62
7600	46
7601	49
7602	49
7603	45
7604	48
7605	41
7606	49
7607	48
7608	49
7609	52
7610	45
7611	46
7612	46
7613	61
7614	51
7615	51
7616	46
7617	51
7618	48
7619	49
7620	60
7621	43
7622	53
7623	49
7624	48
7625	44
7626	46
7627	53
7628	60
7629	52
7630	43
7631	48
7632	50
7633	45
7634	52
7635	49
7636	49
7637	61
7638	57
7639	51
7640	54
7641	49
7642	48
7643	52
7644	59
7645	43
7646	50
7647	46
7648	49
7649	54
7650	54
7651	50
7652	54
7653	44
7654	49
7655	50
7656	48
7657	47
7658	54
7659	55
7660	41
7661	40
7662	57
7663	49
7664	57
7665	52
7666	51
7667	51
7668	53
7669	45
7670	54
7671	55
7672	52
7673	53
7674	49
7675	47
7676	54
7677	54
7678	45
7679	60
7680	53
7681	59
7682	54
7683	53
7684	49
7685	52
7686	51
7687	54
7688	53
7689	52
7690	51
7691	47
7692	48
7693	58
7694	51
7695	43
7696	48
7697	53
7698	49
7699	60
7700	51
7701	44
7702	48
7703	54
7704	46
7705	53
7706	48
7707	46
7708	55
7709	48
7710	47
7711	49
7712	51
7713	52
7714	52
7715	49
7716	56
7717	50
7718	52
7719	49
7720	48
7721	52
7722	50
7723	41
7724	50
7725	45
7726	51
7727	54
7728	56
7729	45
7730	48
7731	51
7732	46
7733	55
7734	53
7735	56
7736	46
7737	55
7738	57
7739	54
7740	50
7741	47
7742	50
7743	47
7744	50
7745	49
7746	49
7747	46
7748	43
7749	48
7750	56
7751	44
7752	50
7753	50
7754	40
7755	56
7756	50
7757	49
7758	57
7759	44
7760	46
7761	43
7762	45
7763	49
7764	47
7765	58
7766	48
7767	55
7768	53
7769	47
7770	51
7771	57
7772	55
7773	57
7774	40
7775	50
7776	50
7777	46
7778	58
7779	43
7780	56
7781	61
7782	46
7783	52
7784	38
7785	58
7786	58
7787	55
7788	52
7789	51
7790	42
7791	48
7792	50
7793	51
7794	51
7795	44
7796	49
7797	60
7798	56
7799	53
7800	56
7801	56
7802	47
7803	47
7804	62
7805	52
7806	50
7807	55
7808	51
7809	56
7810	49
7811	50
7812	54
7813	47
7814	49
7815	52
7816	58
7817	54
7818	44
7819	54
7820	43
7821	50
7822	57
7823	46
7824	46
7825	45
7826	58
7827	48
7828	48
7829	43
7830	50
7831	46
7832	51
7833	59
7834	61
7835	51
7836	51
7837	44
7838	52
7839	53
7840	48
7841	45
7842	55
7843	55
7844	52
7845	46
7846	51
7847	58
7848	55
7849	45
7850	47
7851	50
7852	45
7853	45
7854	50
7855	58
7856	52
7857	50
7858	47
7859	54
7860	57
7861	48
7862	53
7863	46
7864	51
7865	57
7866	51
7867	47
7868	51
7869	44
7870	53
7871	48
7872	52
7873	41
7874	54
7875	49
7876	50
7877	48
7878	58
7879	51
7880	52
7881	48
7882	53
7883	50
7884	55
7885	47
7886	51
7887	43
7888	56
7889	49
7890	55
7891	44
7892	48
7893	60
7894	45
7895	51
7896	41
7897	42
7898	46
7899	41
7900	59
7901	47
7902	47
7903	47
7904	54
7905	48
7906	39
7907	53
7908	53
7909	55
7910	50
7911	45
7912	55
7913	49
7914	48
7915	49
7916	47
7917	53
7918	46
7919	54
7920	45
7921	47
7922	52
7923	56
7924	48
7925	48
7926	56
7927	59
7928	44
7929	45
7930	52
7931	45
7932	53
7933	54
7934	40
7935	52
7936	46
7937	49
7938	55
7939	49
7940	46
7941	50
7942	55
7943	54
7944	46
7945	53
7946	53
7947	49
7948	64
7949	56
7950	54
7951	46
7952	42
7953	55
7954	58
7955	48
7956	55
7957	45
7958	43
7959	50
7960	48
7961	54
7962	54
7963	45
7964	52
7965	48
7966	48
7967	44
7968	48
7969	45
7970	57
7971	47
7972	49
7973	60
7974	47
7975	51
7976	52
7977	48
7978	42
7979	54
7980	59
7981	40
7982	51
7983	42
7984	55
7985	49
7986	53
7987	53
7988	51
7989	44
7990	43
7991	46
7992	55
7993	50
7994	51
7995	55
7996	57
7997	50
7998	45
7999	49
8000	46
8001	53
8002	49
8003	44
8004	57
8005	51
8006	63
8007	50
8008	55
8009	44
8010	55
8011	54
8012	61
8013	52
8014	37
8015	43
8016	53
8017	50
8018	48
8019	58
8020	49
8021	50
8022	49
8023	51
8024	53
8025	49
8026	56
8027	38
8028	49
8029	54
8030	48
8031	58
8032	50
8033	42
8034	46
8035	52
8036	59
8037	50
8038	49
8039	54
8040	49
8041	49
8042	50
8043	59
8044	52
8045	50
8046	43
8047	51
8048	50
8049	54
8050	51
8051	40
8052	56
8053	56
8054	50
8055	55
8056	57
8057	58
8058	47
8059	56
8060	52
8061	52
8062	50
8063	56
8064	49
8065	44
8066	42
8067	53
8068	51
8069	58
8070	39
8071	41
8072	47
8073	49
8074	53
8075	44
8076	50
8077	52
8078	58
8079	49
8080	53
8081	49
8082	57
8083	43
8084	43
8085	56
8086	54
8087	52
8088	57
8089	48
8090	59
8091	48
8092	44
8093	51
8094	49
8095	50
8096	51
8097	44
8098	50
8099	51
8100	51
8101	54
8102	47
8103	51
8104	48
8105	49
8106	55
8107	54
8108	49
8109	52
8110	50
8111	37
8112	50
8113	56
8114	52
8115	56
8116	46
8117	51
8118	52
8119	59
8120	53
8121	50
8122	50
8123	39
8124	47
8125	51
8126	57
8127	46
8128	48
8129	56
8130	40
8131	48
8132	55
8133	50
8134	47
8135	57
8136	42
8137	48
8138	49
8139	51
8140	46
8141	50
8142	56
8143	59
8144	50
8145	58
8146	53
8147	52
8148	39
8149	45
8150	46
8151	42
8152	48
8153	50
8154	45
8155	48
8156	60
8157	53
8158	52
8159	54
8160	47
8161	52
8162	55
8163	44
8164	50
8165	45
8166	52
8167	57
8168	42
8169	53
8170	56
8171	48
8172	53
8173	50
8174	46
8175	59
8176	49
8177	59
8178	59
8179	47
8180	49
8181	52
8182	49
8183	51
8184	52
8185	52
8186	48
8187	46
8188	52
8189	57
8190	49
8191	46
8192	44
8193	51
8194	52
8195	45
8196	57
8197	43
8198	68
8199	45
8200	49
8201	50
8202	38
8203	53
8204	42
8205	51
8206	54
8207	52
8208	54
8209	43
8210	47
8211	45
8212	53
8213	55
8214	46
8215	46
8216	45
8217	54
8218	49
8219	48
8220	58
8221	62
8222	52
8223	39
8224	45
8225	57
8226	46
8227	50
8228	50
8229	56
8230	37
8231	63
8232	50
8233	53
8234	63
8235	46
8236	51
8237	50
8238	50
8239	43
8240	45
8241	50
8242	55
8243	43
8244	52
8245	47
8246	49
8247	53
8248	48
8249	51
8250	36
8251	43
8252	49
8253	48
8254	42
8255	51
8256	57
8257	52
8258	60
8259	49
8260	57
8261	50
8262	55
8263	51
8264	45
8265	43
8266	55
8267	43
8268	43
8269	53
8270	53
8271	46
8272	59
8273	47
8274	46
8275	56
8276	55
8277	55
8278	53
8279	50
8280	52
8281	58
8282	49
8283	52
8284	49
8285	46
8286	55
8287	50
8288	50
8289	56
8290	43
8291	47
8292	47
8293	49
8294	50
8295	45
8296	56
8297	41
8298	53
8299	46
8300	58
8301	42
8302	51
8303	53
8304	51
8305	49
8306	40
8307	56
8308	41
8309	43
8310	56
8311	44
8312	44
8313	52
8314	54
8315	53
8316	52
8317	51
8318	48
8319	45
8320	38
8321	47
8322	54
8323	51
8324	53
8325	58
8326	48
8327	61
8328	55
8329	45
8330	58
8331	49
8332	49
8333	55
8334	54
8335	41
8336	59
8337	41
8338	59
8339	54
8340	56
8341	52
8342	52
8343	47
8344	44
8345	44
8346	45
8347	51
8348	53
8349	45
8350	52
8351	52
8352	55
8353	48
8354	54
8355	53
8356	51
8357	59
8358	45
8359	45
8360	49
8361	51
8362	40
8363	47
8364	58
8365	51
8366	44
8367	44
8368	52
8369	57
8370	49
8371	50
8372	47
8373	54
8374	52
8375	50
8376	48
8377	47
8378	54
8379	49
8380	52
8381	54
8382	53
8383	48
8384	46
8385	55
8386	55
8387	49
8388	51
8389	52
8390	54
8391	53
8392	46
8393	48
8394	43
8395	50
8396	47
8397	45
8398	49
8399	50
8400	52
8401	46
8402	46
8403	51
8404	52
8405	51
8406	48
8407	58
8408	51
8409	55
8410	53
8411	52
8412	56
8413	39
8414	49
8415	57
8416	50
8417	55
8418	53
8419	46
8420	48
8421	55
8422	49
8423	46
8424	50
8425	42
8426	52
8427	53
8428	49
8429	44
8430	51
8431	51
8432	49
8433	46
8434	57
8435	56
8436	46
8437	53
8438	47
8439	55
8440	44
8441	52
8442	56
8443	40
8444	61
8445	51
8446	42
8447	52
8448	54
8449	47
8450	56
8451	57
8452	49
8453	49
8454	40
8455	61
8456	50
8457	43
8458	52
8459	45
8460	52
8461	47
8462	53
8463	55
8464	42
8465	49
8466	48
8467	55
8468	52
8469	61
8470	59
8471	57
8472	55
8473	62
8474	47
8475	57
8476	56
8477	57
8478	50
8479	48
8480	58
8481	45
8482	51
8483	58
8484	52
8485	44
8486	50
8487	43
8488	55
8489	47
8490	46
8491	55
8492	48
8493	54
8494	50
8495	45
8496	54
8497	52
8498	53
8499	48
8500	50
8501	49
8502	47
8503	50
8504	49
8505	55
8506	40
8507	55
8508	51
8509	54
8510	56
8511	47
8512	51
8513	48
8514	45
8515	47
8516	50
8517	52
8518	52
8519	54
8520	51
8521	44
8522	48
8523	52
8524	47
8525	45
8526	44
8527	52
8528	46
8529	45
8530	48
8531	60
8532	47
8533	54
8534	48
8535	49
8536	62
8537	34
8538	49
8539	46
8540	49
8541	54
8542	45
8543	48
8544	55
8545	54
8546	59
8547	41
8548	48
8549	51
8550	48
8551	53
8552	51
8553	36
8554	52
8555	46
8556	48
8557	44
8558	58
8559	52
8560	45
8561	60
8562	53
8563	49
8564	56
8565	56
8566	44
8567	56
8568	45
8569	49
8570	45
8571	51
8572	41
8573	53
8574	50
8575	51
8576	56
8577	45
8578	52
8579	57
8580	56
8581	47
8582	56
8583	51
8584	46
8585	49
8586	58
8587	56
8588	50
8589	47
8590	60
8591	51
8592	42
8593	45
8594	46
8595	50
8596	50
8597	48
8598	46
8599	54
8600	52
8601	46
8602	40
8603	62
8604	47
8605	47
8606	44
8607	49
8608	48
8609	58
8610	54
8611	51
8612	44
8613	53
8614	37
8615	49
8616	58
8617	53
8618	46
8619	41
8620	54
8621	50
8622	58
8623	52
8624	49
8625	62
8626	55
8627	47
8628	51
8629	47
8630	48
8631	47
8632	64
8633	57
8634	57
8635	56
8636	46
8637	42
8638	43
8639	50
8640	47
8641	53
8642	58
8643	56
8644	50
8645	48
8646	53
8647	48
8648	49
8649	56
8650	49
8651	47
8652	53
8653	47
8654	49
8655	50
8656	65
8657	51
8658	47
8659	49
8660	51
8661	41
8662	45
8663	46
8664	51
8665	53
8666	54
8667	50
8668	51
8669	46
8670	61
8671	49
8672	54
8673	54
8674	54
8675	43
8676	54
8677	45
8678	62
8679	64
8680	59
8681	45
8682	47
8683	45
8684	46
8685	56
8686	43
8687	45
8688	44
8689	60
8690	52
8691	45
8692	54
8693	55
8694	55
8695	54
8696	50
8697	44
8698	43
8699	47
8700	60
8701	44
8702	53
8703	53
8704	59
8705	50
8706	49
8707	51
8708	47
8709	51
8710	57
8711	55
8712	48
8713	49
8714	38
8715	53
8716	57
8717	48
8718	41
8719	50
8720	51
8721	44
8722	48
8723	50
8724	50
8725	51
8726	53
8727	57
8728	47
8729	52
8730	49
8731	60
8732	42
8733	44
8734	51
8735	62
8736	46
8737	49
8738	49
8739	55
8740	57
8741	49
8742	39
8743	53
8744	44
8745	53
8746	57
8747	54
8748	53
8749	60
8750	50
8751	52
8752	46
8753	47
8754	48
8755	51
8756	55
8757	49
8758	54
8759	54
8760	50
8761	58
8762	48
8763	52
8764	41
8765	51
8766	51
8767	52
8768	48
8769	61
8770	44
8771	44
8772	50
8773	50
8774	47
8775	56
8776	55
8777	52
8778	37
8779	50
8780	57
8781	52
8782	55
8783	43
8784	61
8785	53
8786	54
8787	42
8788	49
8789	43
8790	49
8791	62
8792	55
8793	51
8794	50
8795	55
8796	60
8797	52
8798	45
8799	44
8800	50
8801	53
8802	44
8803	40
8804	48
8805	48
8806	61
8807	55
8808	46
8809	45
8810	45
8811	52
8812	45
8813	50
8814	50
8815	56
8816	46
8817	48
8818	52
8819	54
8820	56
8821	57
8822	42
8823	49
8824	47
8825	51
8826	50
8827	39
8828	50
8829	49
8830	47
8831	42
8832	53
8833	43
8834	58
8835	45
8836	49
8837	50
8838	47
8839	53
8840	45
8841	53
8842	56
8843	51
8844	51
8845	60
8846	50
8847	52
8848	53
8849	58
8850	54
8851	55
8852	46
8853	55
8854	48
8855	51
8856	47
8857	60
8858	49
8859	56
8860	46
8861	46
8862	57
8863	50
8864	53
8865	51
8866	58
8867	52
8868	44
8869	57
8870	51
8871	48
8872	58
8873	54
8874	51
8875	52
8876	60
8877	55
8878	48
8879	51
8880	49
8881	46
8882	51
8883	63
8884	49
8885	55
8886	47
8887	43
8888	45
8889	53
8890	48
8891	47
8892	47
8893	48
8894	50
8895	53
8896	44
8897	47
8898	45
8899	46
8900	41
8901	46
8902	41
8903	47
8904	57
8905	55
8906	58
8907	39
8908	50
8909	47
8910	47
8911	51
8912	56
8913	51
8914	54
8915	49
8916	56
8917	45
8918	46
8919	51
8920	43
8921	55
8922	49
8923	45
8924	61
8925	47
8926	59
8927	51
8928	50
8929	47
8930	54
8931	56
8932	49
8933	54
8934	47
8935	55
8936	48
8937	41
8938	50
8939	48
8940	43
8941	48
8942	51
8943	51
8944	43
8945	54
8946	47
8947	47
8948	49
8949	57
8950	54
8951	49
8952	56
8953	44
8954	49
8955	56
8956	53
8957	45
8958	43
8959	42
8960	46
8961	49
8962	55
8963	52
8964	56
8965	54
8966	47
8967	47
8968	56
8969	46
8970	43
8971	56
8972	45
8973	59
8974	43
8975	48
8976	41
8977	56
8978	44
8979	48
8980	55
8981	53
8982	52
8983	45
8984	39
8985	65
8986	44
8987	48
8988	55
8989	56
8990	42
8991	54
8992	49
8993	56
8994	53
8995	51
8996	49
8997	56
8998	52
8999	52
9000	46
9001	49
9002	46
9003	46
9004	45
9005	55
9006	58
9007	54
9008	53
9009	51
9010	50
9011	55
9012	51
9013	58
9014	52
9015	42
9016	47
9017	53
9018	56
9019	46
9020	54
9021	59
9022	50
9023	52
9024	61
9025	44
9026	56
9027	48
9028	57
9029	51
9030	47
9031	55
9032	53
9033	58
9034	52
9035	44
9036	53
9037	42
9038	46
9039	55
9040	54
9041	38
9042	46
9043	53
9044	51
9045	50
9046	51
9047	54
9048	40
9049	48
9050	44
9051	60
9052	51
9053	50
9054	49
9055	53
9056	53
9057	60
9058	51
9059	52
9060	44
9061	50
9062	46
9063	44
9064	55
9065	57
9066	49
9067	55
9068	54
9069	50
9070	52
9071	46
9072	50
9073	47
9074	50
9075	39
9076	45
9077	48
9078	47
9079	54
9080	49
9081	56
9082	50
9083	51
9084	47
9085	53
9086	55
9087	54
9088	54
9089	44
9090	55
9091	60
9092	53
9093	47
9094	51
9095	59
9096	60
9097	45
9098	48
9099	46
9100	55
9101	55
9102	48
9103	51
9104	52
9105	51
9106	41
9107	45
9108	54
9109	54
9110	57
9111	56
9112	57
9113	57
9114	46
9115	48
9116	47
9117	40
9118	51
9119	51
9120	48
9121	49
9122	47
9123	38
9124	53
9125	50
9126	43
9127	57
9128	37
9129	62
9130	50
9131	43
9132	50
9133	53
9134	46
9135	48
9136	49
9137	46
9138	50
9139	51
9140	57
9141	51
9142	50
9143	59
9144	46
9145	53
9146	54
9147	57
9148	60
9149	52
9150	57
9151	54
9152	61
9153	47
9154	53
9155	48
9156	48
9157	58
9158	52
9159	44
9160	46
9161	44
9162	58
9163	52
9164	51
9165	45
9166	49
9167	58
9168	45
9169	55
9170	52
9171	63
9172	59
9173	52
9174	51
9175	48
9176	43
9177	44
9178	50
9179	58
9180	54
9181	56
9182	51
9183	54
9184	51
9185	49
9186	55
9187	53
9188	51
9189	49
9190	57
9191	54
9192	56
9193	58
9194	53
9195	53
9196	42
9197	47
9198	50
9199	53
9200	44
9201	52
9202	51
9203	57
9204	53
9205	54
9206	58
9207	51
9208	55
9209	54
9210	53
9211	44
9212	48
9213	45
9214	60
9215	47
9216	52
9217	45
9218	62
9219	49
9220	53
9221	56
9222	43
9223	57
9224	55
9225	54
9226	48
9227	51
9228	41
9229	45
9230	56
9231	45
9232	52
9233	49
9234	54
9235	52
9236	53
9237	55
9238	50
9239	54
9240	53
9241	54
9242	46
9243	52
9244	38
9245	53
9246	52
9247	54
9248	57
9249	54
9250	62
9251	51
9252	50
9253	48
9254	42
9255	55
9256	49
9257	44
9258	50
9259	49
9260	54
9261	49
9262	53
9263	48
9264	48
9265	53
9266	47
9267	58
9268	63
9269	56
9270	47
9271	55
9272	51
9273	55
9274	51
9275	44
9276	49
9277	50
9278	49
9279	53
9280	50
9281	55
9282	45
9283	54
9284	56
9285	46
9286	51
9287	50
9288	53
9289	53
9290	44
9291	51
9292	57
9293	52
9294	47
9295	55
9296	57
9297	49
9298	52
9299	52
9300	50
9301	54
9302	46
9303	60
9304	51
9305	62
9306	55
9307	53
9308	48
9309	46
9310	56
9311	46
9312	56
9313	57
9314	46
9315	50
9316	54
9317	53
9318	43
9319	47
9320	47
9321	49
9322	50
9323	34
9324	60
9325	59
9326	48
9327	44
9328	50
9329	53
9330	58
9331	48
9332	45
9333	45
9334	46
9335	52
9336	59
9337	44
9338	60
9339	52
9340	56
9341	49
9342	54
9343	52
9344	51
9345	49
9346	55
9347	44
9348	46
9349	54
9350	47
9351	52
9352	45
9353	46
9354	48
9355	54
9356	52
9357	58
9358	48
9359	40
9360	48
9361	53
9362	55
9363	57
9364	54
9365	49
9366	53
9367	48
9368	49
9369	50
9370	51
9371	55
9372	56
9373	55
9374	52
9375	45
9376	50
9377	47
9378	49
9379	50
9380	42
9381	42
9382	47
9383	52
9384	45
9385	46
9386	55
9387	60
9388	57
9389	46
9390	44
9391	55
9392	46
9393	48
9394	52
9395	59
9396	46
9397	56
9398	48
9399	48
9400	43
9401	52
9402	49
9403	41
9404	46
9405	44
9406	47
9407	45
9408	48
9409	57
9410	48
9411	47
9412	53
9413	47
9414	55
9415	48
9416	53
9417	57
9418	57
9419	42
9420	49
9421	55
9422	39
9423	58
9424	42
9425	55
9426	52
9427	54
9428	56
9429	57
9430	54
9431	48
9432	52
9433	53
9434	48
9435	49
9436	42
9437	55
9438	52
9439	54
9440	52
9441	55
9442	51
9443	43
9444	50
9445	48
9446	53
9447	38
9448	55
9449	50
9450	56
9451	50
9452	35
9453	51
9454	60
9455	56
9456	48
9457	44
9458	43
9459	66
9460	44
9461	49
9462	47
9463	49
9464	54
9465	46
9466	42
9467	53
9468	47
9469	56
9470	53
9471	59
9472	48
9473	58
9474	67
9475	43
9476	50
9477	47
9478	47
9479	47
9480	51
9481	56
9482	58
9483	48
9484	57
9485	45
9486	52
9487	57
9488	55
9489	54
9490	49
9491	51
9492	47
9493	53
9494	44
9495	44
9496	51
9497	55
9498	48
9499	45
9500	50
9501	55
9502	54
9503	45
9504	56
9505	45
9506	56
9507	45
9508	52
9509	46
9510	55
9511	59
9512	50
9513	57
9514	48
9515	60
9516	61
9517	49
9518	39
9519	49
9520	53
9521	47
9522	49
9523	45
9524	40
9525	50
9526	52
9527	58
9528	48
9529	46
9530	47
9531	53
9532	51
9533	55
9534	53
9535	39
9536	50
9537	48
9538	55
9539	45
9540	51
9541	52
9542	38
9543	58
9544	52
9545	42
9546	48
9547	49
9548	59
9549	55
9550	58
9551	52
9552	49
9553	54
9554	47
9555	53
9556	48
9557	61
9558	59
9559	58
9560	43
9561	58
9562	48
9563	41
9564	50
9565	51
9566	52
9567	46
9568	47
9569	63
9570	47
9571	54
9572	48
9573	54
9574	53
9575	49
9576	51
9577	56
9578	49
9579	42
9580	54
9581	54
9582	47
9583	45
9584	52
9585	57
9586	54
9587	48
9588	46
9589	55
9590	46
9591	52
9592	54
9593	45
9594	42
9595	52
9596	50
9597	53
9598	57
9599	51
9600	42
9601	50
9602	48
9603	41
9604	48
9605	48
9606	55
9607	50
9608	44
9609	57
9610	49
9611	51
9612	50
9613	47
9614	49
9615	44
9616	49
9617	56
9618	57
9619	55
9620	46
9621	39
9622	45
9623	52
9624	54
9625	52
9626	55
9627	49
9628	58
9629	47
9630	54
9631	45
9632	45
9633	48
9634	57
9635	48
9636	58
9637	54
9638	48
9639	50
9640	47
9641	45
9642	47
9643	57
9644	49
9645	53
9646	61
9647	49
9648	51
9649	55
9650	53
9651	56
9652	51
9653	54
9654	58
9655	48
9656	51
9657	54
9658	56
9659	58
9660	51
9661	41
9662	46
9663	48
9664	50
9665	46
9666	48
9667	54
9668	46
9669	49
9670	52
9671	43
9672	49
9673	51
9674	51
9675	47
9676	46
9677	42
9678	46
9679	53
9680	52
9681	47
9682	44
9683	46
9684	59
9685	50
9686	49
9687	52
9688	51
9689	52
9690	48
9691	43
9692	42
9693	41
9694	49
9695	54
9696	51
9697	55
9698	46
9699	47
9700	51
9701	51
9702	58
9703	51
9704	57
9705	56
9706	47
9707	54
9708	53
9709	48
9710	54
9711	49
9712	56
9713	42
9714	53
9715	47
9716	58
9717	51
9718	44
9719	55
9720	55
9721	46
9722	56
9723	54
9724	47
9725	49
9726	46
9727	50
9728	50
9729	59
9730	56
9731	37
9732	47
9733	39
9734	51
9735	57
9736	51
9737	47
9738	54
9739	51
9740	50
9741	49
9742	43
9743	54
9744	47
9745	60
9746	49
9747	55
9748	56
9749	54
9750	62
9751	48
9752	59
9753	51
9754	44
9755	49
9756	44
9757	58
9758	47
9759	50
9760	48
9761	51
9762	50
9763	50
9764	49
9765	51
9766	52
9767	51
9768	62
9769	56
9770	43
9771	53
9772	59
9773	48
9774	50
9775	49
9776	55
9777	58
9778	51
9779	50
9780	47
9781	42
9782	46
9783	49
9784	55
9785	41
9786	38
9787	49
9788	54
9789	36
9790	52
9791	54
9792	44
9793	50
9794	52
9795	50
9796	46
9797	61
9798	47
9799	47
9800	55
9801	56
9802	38
9803	52
9804	51
9805	52
9806	50
9807	56
9808	46
9809	44
9810	55
9811	51
9812	44
9813	47
9814	41
9815	50
9816	60
9817	58
9818	51
9819	56
9820	48
9821	49
9822	53
9823	46
9824	47
9825	46
9826	56
9827	52
9828	53
9829	55
9830	54
9831	56
9832	45
9833	63
9834	51
9835	54
9836	55
9837	54
9838	54
9839	54
9840	58
9841	47
9842	60
9843	56
9844	62
9845	58
9846	54
9847	46
9848	55
9849	51
9850	56
9851	49
9852	57
9853	47
9854	56
9855	48
9856	47
9857	56
9858	49
9859	48
9860	51
9861	51
9862	59
9863	49
9864	48
9865	61
9866	49
9867	52
9868	58
9869	51
9870	48
9871	51
9872	48
9873	47
9874	46
9875	44
9876	56
9877	53
9878	51
9879	50
9880	41
9881	46
9882	47
9883	45
9884	42
9885	54
9886	52
9887	49
9888	50
9889	57
9890	53
9891	47
9892	45
9893	55
9894	43
9895	46
9896	52
9897	45
9898	47
9899	54
9900	52
9901	53
9902	42
9903	59
9904	48
9905	47
9906	53
9907	46
9908	43
9909	62
9910	45
9911	48
9912	47
9913	63
9914	57
9915	41
9916	43
9917	52
9918	51
9919	45
9920	43
9921	53
9922	44
9923	49
9924	49
9925	46
9926	61
9927	55
9928	53
9929	47
9930	56
9931	56
9932	55
9933	46
9934	42
9935	54
9936	46
9937	55
9938	49
9939	46
9940	50
9941	58
9942	46
9943	56
9944	52
9945	43
9946	48
9947	50
9948	48
9949	47
9950	52
9951	48
9952	48
9953	44
9954	42
9955	57
9956	48
9957	56
9958	56
9959	59
9960	41
9961	44
9962	47
9963	50
9964	44
9965	49
9966	43
9967	47
9968	60
9969	51
9970	51
9971	42
9972	57
9973	48
9974	54
9975	41
9976	49
9977	52
9978	53
9979	60
9980	51
9981	44
9982	38
9983	53
9984	52
9985	51
9986	57
9987	50
9988	49
9989	41
9990	58
9991	53
9992	53
9993	56
9994	52
9995	51
9996	49
9997	54
9998	43
9999	53
